! VERSION = 6.00
BEGIN_HEADER
 ICCAP_INPUTS
  Vg         V  G GROUND gate 0.1 LIN        2    0          1.2        13   0.1       
  Vd         V  D GROUND drain 0.1 LIN        1    0          1.2        49   0.025     
  Vs         V  S GROUND source 0.1 CON        0
  Vb         V  B GROUND bulk 0.1 CON        0
 ICCAP_OUTPUTS
  Id         I  D GROUND drain B
END_HEADER

BEGIN_DB
 ICCAP_VAR Vg         0              
 ICCAP_VAR Vs         0              
 ICCAP_VAR Vb         0              

 #Vd              Id             
  0               -1.34019e-006  
  0.025           -5.87458e-007  
  0.05            -2.44036e-007  
  0.075           -1.05042e-007  
  0.1             -3.95901e-008  
  0.125           -1.5739e-008   
  0.15            -6.26e-009     
  0.175           -2.11e-009     
  0.2             6.51e-010      
  0.225           2.408e-009     
  0.25            1.594e-009     
  0.275           2.237e-009     
  0.3             -1.58e-010     
  0.325           5.214e-009     
  0.35            2.97e-009      
  0.375           3.687e-009     
  0.4             5.353e-009     
  0.425           3.31e-009      
  0.45            4.049e-009     
  0.475           4.369e-009     
  0.5             2.171e-009     
  0.525           3.998e-009     
  0.55            5.278e-009     
  0.575           7.663e-009     
  0.6             3.745e-009     
  0.625           4.164e-009     
  0.65            3.664e-009     
  0.675           2.3042e-009    
  0.7             4.022e-009     
  0.725           1.237e-009     
  0.75            3.927e-009     
  0.775           8.943e-009     
  0.8             8.943e-009     
  0.825           1.1252e-008    
  0.85            1.3841e-008    
  0.875           1.1655e-008    
  0.9             7.836e-009     
  0.925           3.997e-009     
  0.95            8.305e-009     
  0.975           1.1071e-008    
  1               1.3852e-008    
  1.025           1.1744e-008    
  1.05            1.4714e-008    
  1.075           1.6663e-008    
  1.1             1.3991e-008    
  1.125           1.0336e-008    
  1.15            2.2664e-008    
  1.175           2.1101e-008    
  1.2             2.0497e-008    
END_DB

BEGIN_DB
 ICCAP_VAR Vg         0.1            
 ICCAP_VAR Vs         0              
 ICCAP_VAR Vb         0              

 #Vd              Id             
  0               -1.38916e-005  
  0.025           -6.89051e-006  
  0.05            -3.24264e-006  
  0.075           -1.456e-006    
  0.1             -6.29074e-007  
  0.125           -2.57437e-007  
  0.15            -9.5468e-008   
  0.175           -2.4087e-008   
  0.2             3.581e-009     
  0.225           1.4729e-008    
  0.25            2.4115e-008    
  0.275           3.268e-008     
  0.3             4.0479e-008    
  0.325           3.99e-008      
  0.35            3.7601e-008    
  0.375           3.5307e-008    
  0.4             4.2462e-008    
  0.425           4.9275e-008    
  0.45            4.8909e-008    
  0.475           5.7181e-008    
  0.5             5.5774e-008    
  0.525           6.0639e-008    
  0.55            6.3997e-008    
  0.575           7.77454e-008   
  0.6             6.9989e-008    
  0.625           7.4798e-008    
  0.65            7.9387e-008    
  0.675           8.5624e-008    
  0.7             8.9604e-008    
  0.725           8.8295e-008    
  0.75            1.04589e-007   
  0.775           1.06886e-007   
  0.8             1.18828e-007   
  0.825           1.25443e-007   
  0.85            1.25964e-007   
  0.875           1.3447e-007    
  0.9             1.4822e-007    
  0.925           1.36901e-007   
  0.95            1.66863e-007   
  0.975           1.78709e-007   
  1               1.72925e-007   
  1.025           1.97338e-007   
  1.05            2.02749e-007   
  1.075           2.2339e-007    
  1.1             2.37811e-007   
  1.125           2.5159e-007    
  1.15            2.65906e-007   
  1.175           2.8146e-007    
  1.2             3.01327e-007   
END_DB

BEGIN_DB
 ICCAP_VAR Vg         0.2            
 ICCAP_VAR Vs         0              
 ICCAP_VAR Vb         0              

 #Vd              Id             
  0               -8.11709e-005  
  0.025           -4.92274e-005  
  0.05            -2.79656e-005  
  0.075           -1.47636e-005  
  0.1             -7.23426e-006  
  0.125           -3.25281e-006  
  0.15            -1.26862e-006  
  0.175           -3.26139e-007  
  0.2             1.09968e-007   
  0.225           3.1848e-007    
  0.25            4.28775e-007   
  0.275           4.93665e-007   
  0.3             5.42451e-007   
  0.325           5.82823e-007   
  0.35            6.25479e-007   
  0.375           6.66702e-007   
  0.4             7.12711e-007   
  0.425           7.57904e-007   
  0.45            8.07769e-007   
  0.475           8.55824e-007   
  0.5             9.09472e-007   
  0.525           9.60351e-007   
  0.55            1.02096e-006   
  0.575           1.0808e-006    
  0.6             1.14883e-006   
  0.625           1.21831e-006   
  0.65            1.29173e-006   
  0.675           1.36822e-006   
  0.7             1.44913e-006   
  0.725           1.53473e-006   
  0.75            1.62462e-006   
  0.775           1.71879e-006   
  0.8             1.81857e-006   
  0.825           1.92437e-006   
  0.85            2.03428e-006   
  0.875           2.14896e-006   
  0.9             2.2672e-006    
  0.925           2.39602e-006   
  0.95            2.53546e-006   
  0.975           2.67639e-006   
  1               2.82686e-006   
  1.025           2.98396e-006   
  1.05            3.14901e-006   
  1.075           3.32164e-006   
  1.1             3.50375e-006   
  1.125           3.69394e-006   
  1.15            3.90126e-006   
  1.175           4.10909e-006   
  1.2             4.33177e-006   
END_DB

BEGIN_DB
 ICCAP_VAR Vg         0.3            
 ICCAP_VAR Vs         0              
 ICCAP_VAR Vb         0              

 #Vd              Id             
  0               -0.000266076   
  0.025           -0.000188134   
  0.05            -0.000126769   
  0.075           -8.0441e-005   
  0.1             -4.72549e-005  
  0.125           -2.4841e-005   
  0.15            -1.07324e-005  
  0.175           -2.4041e-006   
  0.2             2.20468e-006   
  0.225           4.72527e-006   
  0.25            6.15676e-006   
  0.275           7.06608e-006   
  0.3             7.74942e-006   
  0.325           8.34232e-006   
  0.35            8.91216e-006   
  0.375           9.48287e-006   
  0.4             1.00715e-005   
  0.425           1.06796e-005   
  0.45            1.13169e-005   
  0.475           1.19612e-005   
  0.5             1.26752e-005   
  0.525           1.33872e-005   
  0.55            1.41421e-005   
  0.575           1.49372e-005   
  0.6             1.57631e-005   
  0.625           1.66203e-005   
  0.65            1.75168e-005   
  0.675           1.84539e-005   
  0.7             1.94549e-005   
  0.725           2.04744e-005   
  0.75            2.15497e-005   
  0.775           2.26802e-005   
  0.8             2.38253e-005   
  0.825           2.50618e-005   
  0.85            2.6325e-005    
  0.875           2.76292e-005   
  0.9             2.901e-005     
  0.925           3.04635e-005   
  0.95            3.19659e-005   
  0.975           3.35279e-005   
  1               3.51173e-005   
  1.025           3.68197e-005   
  1.05            3.86213e-005   
  1.075           4.04238e-005   
  1.1             4.23186e-005   
  1.125           4.43099e-005   
  1.15            4.63511e-005   
  1.175           4.85387e-005   
  1.2             5.07573e-005   
END_DB

BEGIN_DB
 ICCAP_VAR Vg         0.4            
 ICCAP_VAR Vs         0              
 ICCAP_VAR Vb         0              

 #Vd              Id             
  0               -0.000577993   
  0.025           -0.0004385     
  0.05            -0.000319933   
  0.075           -0.000220859   
  0.1             -0.000139936   
  0.125           -7.55383e-005  
  0.15            -2.61395e-005  
  0.175           1.0242e-005    
  0.2             3.61317e-005   
  0.225           5.3838e-005    
  0.25            6.59088e-005   
  0.275           7.45551e-005   
  0.3             8.11612e-005   
  0.325           8.69533e-005   
  0.35            9.23904e-005   
  0.375           9.76312e-005   
  0.4             0.00010296     
  0.425           0.000108338    
  0.45            0.000113837    
  0.475           0.000119459    
  0.5             0.000125261    
  0.525           0.000131242    
  0.55            0.000137498    
  0.575           0.000143856    
  0.6             0.000150443    
  0.625           0.000157202    
  0.65            0.000164207    
  0.675           0.000171504    
  0.7             0.00017889     
  0.725           0.000186559    
  0.75            0.00019451     
  0.775           0.000202595    
  0.8             0.000211101    
  0.825           0.000219637    
  0.85            0.000228584    
  0.875           0.000237741    
  0.9             0.000247071    
  0.925           0.00025672     
  0.95            0.000266632    
  0.975           0.000276886    
  1               0.000287421    
  1.025           0.000298138    
  1.05            0.000309383    
  1.075           0.000320636    
  1.1             0.000332412    
  1.125           0.000344411    
  1.15            0.000356625    
  1.175           0.000369247    
  1.2             0.000382286    
END_DB

BEGIN_DB
 ICCAP_VAR Vg         0.5            
 ICCAP_VAR Vs         0              
 ICCAP_VAR Vb         0              

 #Vd              Id             
  0               -0.000865387   
  0.025           -0.000634603   
  0.05            -0.000432403   
  0.075           -0.000255822   
  0.1             -0.000102209   
  0.125           2.99787e-005   
  0.15            0.000142516    
  0.175           0.000237367    
  0.2             0.000315684    
  0.225           0.000379816    
  0.25            0.000431966    
  0.275           0.000474638    
  0.3             0.000510967    
  0.325           0.000542496    
  0.35            0.000571559    
  0.375           0.000598894    
  0.4             0.000625755    
  0.425           0.000651972    
  0.45            0.000678696    
  0.475           0.00070544     
  0.5             0.000732178    
  0.525           0.000759223    
  0.55            0.000787048    
  0.575           0.000815162    
  0.6             0.000844052    
  0.625           0.000872884    
  0.65            0.000902223    
  0.675           0.000932236    
  0.7             0.000962738    
  0.725           0.00099373     
  0.75            0.00102527     
  0.775           0.00105775     
  0.8             0.00108988     
  0.825           0.00112313     
  0.85            0.00115674     
  0.875           0.00119101     
  0.9             0.0012255      
  0.925           0.00126081     
  0.95            0.00129622     
  0.975           0.00133262     
  1               0.00136922     
  1.025           0.00140702     
  1.05            0.00144486     
  1.075           0.00148323     
  1.1             0.00152237     
  1.125           0.00156207     
  1.15            0.00160294     
  1.175           0.00164353     
  1.2             0.0016848      
END_DB

BEGIN_DB
 ICCAP_VAR Vg         0.6            
 ICCAP_VAR Vs         0              
 ICCAP_VAR Vb         0              

 #Vd              Id             
  0               -0.000817608   
  0.025           -0.000400128   
  0.05            -4.01622e-005  
  0.075           0.000275372    
  0.1             0.000553712    
  0.125           0.000800427    
  0.15            0.00101919     
  0.175           0.00121403     
  0.2             0.00138585     
  0.225           0.00153753     
  0.25            0.00167174     
  0.275           0.00179152     
  0.3             0.0018984      
  0.325           0.00199473     
  0.35            0.0020837      
  0.375           0.00216696     
  0.4             0.00224581     
  0.425           0.00232219     
  0.45            0.0023963      
  0.475           0.00246929     
  0.5             0.00254163     
  0.525           0.0026133      
  0.55            0.00268538     
  0.575           0.0027571      
  0.6             0.00282883     
  0.625           0.00290068     
  0.65            0.00297304     
  0.675           0.00304575     
  0.7             0.00311841     
  0.725           0.00319232     
  0.75            0.00326589     
  0.775           0.00334047     
  0.8             0.00341516     
  0.825           0.0034897      
  0.85            0.00356487     
  0.875           0.00364088     
  0.9             0.00371753     
  0.925           0.003795       
  0.95            0.00387212     
  0.975           0.00395021     
  1               0.00402908     
  1.025           0.00410824     
  1.05            0.00418704     
  1.075           0.00426714     
  1.1             0.0043469      
  1.125           0.00442795     
  1.15            0.00450932     
  1.175           0.00459185     
  1.2             0.00467461     
END_DB

BEGIN_DB
 ICCAP_VAR Vg         0.7            
 ICCAP_VAR Vs         0              
 ICCAP_VAR Vb         0              

 #Vd              Id             
  0               -0.000493069   
  0.025           0.000333198    
  0.05            0.00103492     
  0.075           0.00163404     
  0.1             0.00214989     
  0.125           0.00260067     
  0.15            0.00299762     
  0.175           0.00335335     
  0.2             0.00367126     
  0.225           0.00395788     
  0.25            0.00421578     
  0.275           0.00445165     
  0.3             0.00466628     
  0.325           0.00486393     
  0.35            0.00504454     
  0.375           0.00521389     
  0.4             0.00537186     
  0.425           0.00552307     
  0.45            0.00566635     
  0.475           0.0058045      
  0.5             0.0059393      
  0.525           0.00607138     
  0.55            0.00620076     
  0.575           0.0063283      
  0.6             0.00645455     
  0.625           0.00658022     
  0.65            0.00670379     
  0.675           0.00682726     
  0.7             0.00695102     
  0.725           0.00707415     
  0.75            0.00719655     
  0.775           0.00731783     
  0.8             0.0074406      
  0.825           0.00756305     
  0.85            0.00768414     
  0.875           0.00780712     
  0.9             0.00792732     
  0.925           0.00804983     
  0.95            0.0081718      
  0.975           0.00829361     
  1               0.00841547     
  1.025           0.0085375      
  1.05            0.00865961     
  1.075           0.0087806      
  1.1             0.00890221     
  1.125           0.00902509     
  1.15            0.00914685     
  1.175           0.00927004     
  1.2             0.00939276     
END_DB

BEGIN_DB
 ICCAP_VAR Vg         0.8            
 ICCAP_VAR Vs         0              
 ICCAP_VAR Vb         0              

 #Vd              Id             
  0               -0.000251845   
  0.025           0.00112623     
  0.05            0.00236211     
  0.075           0.00343426     
  0.1             0.00436222     
  0.125           0.00516443     
  0.15            0.00585818     
  0.175           0.00646679     
  0.2             0.00700162     
  0.225           0.00747619     
  0.25            0.00790326     
  0.275           0.0082894      
  0.3             0.00864112     
  0.325           0.00896202     
  0.35            0.00925913     
  0.375           0.00953298     
  0.4             0.00978826     
  0.425           0.0100291      
  0.45            0.0102543      
  0.475           0.0104696      
  0.5             0.0106751      
  0.525           0.0108727      
  0.55            0.011063       
  0.575           0.0112498      
  0.6             0.011432       
  0.625           0.0116118      
  0.65            0.0117877      
  0.675           0.0119621      
  0.7             0.0121337      
  0.725           0.0123032      
  0.75            0.0124716      
  0.775           0.0126374      
  0.8             0.0128042      
  0.825           0.0129686      
  0.85            0.0131313      
  0.875           0.0132938      
  0.9             0.0134538      
  0.925           0.0136155      
  0.95            0.0137752      
  0.975           0.0139329      
  1               0.0140923      
  1.025           0.014251       
  1.05            0.0144084      
  1.075           0.0145657      
  1.1             0.0147219      
  1.125           0.0148777      
  1.15            0.0150333      
  1.175           0.0151887      
  1.2             0.0153428      
END_DB

BEGIN_DB
 ICCAP_VAR Vg         0.9            
 ICCAP_VAR Vs         0              
 ICCAP_VAR Vb         0              

 #Vd              Id             
  0               -0.000107004   
  0.025           0.00179563     
  0.05            0.00356557     
  0.075           0.00517035     
  0.1             0.00660439     
  0.125           0.00787056     
  0.15            0.00898138     
  0.175           0.00995248     
  0.2             0.010799       
  0.225           0.0115411      
  0.25            0.0121972      
  0.275           0.0127845      
  0.3             0.0133103      
  0.325           0.0137867      
  0.35            0.0142211      
  0.375           0.0146214      
  0.4             0.0149888      
  0.425           0.0153319      
  0.45            0.0156525      
  0.475           0.0159536      
  0.5             0.0162351      
  0.525           0.0165058      
  0.55            0.0167626      
  0.575           0.017014       
  0.6             0.0172552      
  0.625           0.0174881      
  0.65            0.017715       
  0.675           0.0179359      
  0.7             0.0181519      
  0.725           0.0183656      
  0.75            0.0185751      
  0.775           0.0187803      
  0.8             0.0189835      
  0.825           0.0191842      
  0.85            0.0193827      
  0.875           0.0195808      
  0.9             0.0197739      
  0.925           0.0199657      
  0.95            0.0201568      
  0.975           0.0203473      
  1               0.0205354      
  1.025           0.020722       
  1.05            0.0209069      
  1.075           0.0210917      
  1.1             0.0212746      
  1.125           0.0214551      
  1.15            0.0216349      
  1.175           0.0218151      
  1.2             0.0219951      
END_DB

BEGIN_DB
 ICCAP_VAR Vg         1              
 ICCAP_VAR Vs         0              
 ICCAP_VAR Vb         0              

 #Vd              Id             
  0               -6.6053e-005   
  0.025           0.00231882     
  0.05            0.00456758     
  0.075           0.00666118     
  0.1             0.00858267     
  0.125           0.0103248      
  0.15            0.0118863      
  0.175           0.0132839      
  0.2             0.0145159      
  0.225           0.0156026      
  0.25            0.016561       
  0.275           0.0174086      
  0.3             0.0181632      
  0.325           0.018839       
  0.35            0.0194469      
  0.375           0.0200006      
  0.4             0.0205049      
  0.425           0.0209705      
  0.45            0.0213994      
  0.475           0.0217946      
  0.5             0.0221703      
  0.525           0.02252        
  0.55            0.0228536      
  0.575           0.0231697      
  0.6             0.0234724      
  0.625           0.0237593      
  0.65            0.0240399      
  0.675           0.0243084      
  0.7             0.0245694      
  0.725           0.0248242      
  0.75            0.0250721      
  0.775           0.0253194      
  0.8             0.0255573      
  0.825           0.0257921      
  0.85            0.0260211      
  0.875           0.0262467      
  0.9             0.0264721      
  0.925           0.026691       
  0.95            0.0269072      
  0.975           0.0271211      
  1               0.027335       
  1.025           0.0275425      
  1.05            0.0277521      
  1.075           0.027956       
  1.1             0.0281584      
  1.125           0.0283611      
  1.15            0.0285608      
  1.175           0.0287575      
  1.2             0.0289548      
END_DB

BEGIN_DB
 ICCAP_VAR Vg         1.1            
 ICCAP_VAR Vs         0              
 ICCAP_VAR Vb         0              

 #Vd              Id             
  0               -8.30564e-006  
  0.025           0.00273688     
  0.05            0.00538786     
  0.075           0.00789623     
  0.1             0.0102449      
  0.125           0.0124186      
  0.15            0.0144113      
  0.175           0.0162272      
  0.2             0.0178599      
  0.225           0.0193219      
  0.25            0.0206274      
  0.275           0.0217909      
  0.3             0.0228246      
  0.325           0.023747       
  0.35            0.0245748      
  0.375           0.0253213      
  0.4             0.0259944      
  0.425           0.0266069      
  0.45            0.0271676      
  0.475           0.0276853      
  0.5             0.0281642      
  0.525           0.0286085      
  0.55            0.029027       
  0.575           0.0294189      
  0.6             0.0297915      
  0.625           0.0301447      
  0.65            0.0304795      
  0.675           0.0308021      
  0.7             0.0311122      
  0.725           0.0314118      
  0.75            0.0316991      
  0.775           0.0319795      
  0.8             0.0322543      
  0.825           0.0325212      
  0.85            0.0327791      
  0.875           0.0330356      
  0.9             0.0332838      
  0.925           0.0335298      
  0.95            0.0337704      
  0.975           0.0340061      
  1               0.0342403      
  1.025           0.0344706      
  1.05            0.0346956      
  1.075           0.0349221      
  1.1             0.0351429      
  1.125           0.035361       
  1.15            0.0355754      
  1.175           0.035789       
  1.2             0.0360006      
END_DB

BEGIN_DB
 ICCAP_VAR Vg         1.2            
 ICCAP_VAR Vs         0              
 ICCAP_VAR Vb         0              

 #Vd              Id             
  0               -9.907e-006    
  0.025           0.00306969     
  0.05            0.00604922     
  0.075           0.00890496     
  0.1             0.0116119      
  0.125           0.0141575      
  0.15            0.0165287      
  0.175           0.0187282      
  0.2             0.0207361      
  0.225           0.0225684      
  0.25            0.0242261      
  0.275           0.0257221      
  0.3             0.0270671      
  0.325           0.0282734      
  0.35            0.0293572      
  0.375           0.0303353      
  0.4             0.0312131      
  0.425           0.0320069      
  0.45            0.032731       
  0.475           0.0333913      
  0.5             0.033997       
  0.525           0.0345557      
  0.55            0.0350764      
  0.575           0.0355572      
  0.6             0.0360109      
  0.625           0.0364379      
  0.65            0.0368405      
  0.675           0.037223       
  0.7             0.0375876      
  0.725           0.0379355      
  0.75            0.0382694      
  0.775           0.0385901      
  0.8             0.0389003      
  0.825           0.0392022      
  0.85            0.0394925      
  0.875           0.0397787      
  0.9             0.0400553      
  0.925           0.0403235      
  0.95            0.0405842      
  0.975           0.0408453      
  1               0.0410984      
  1.025           0.041348       
  1.05            0.0415906      
  1.075           0.0418281      
  1.1             0.0420648      
  1.125           0.0422958      
  1.15            0.0425229      
  1.175           0.0427509      
  1.2             0.0429704      
END_DB

