! VERSION = 6.00
BEGIN_HEADER
 ICCAP_INPUTS
  Vg         V  G GROUND gate 0.1 LIN        2    0          1.2        13   0.1       
  Vd         V  D GROUND drain 0.1 LIN        1    0          1.2        49   0.025     
  Vs         V  S GROUND source 0.1 CON        0
  Vb         V  B GROUND bulk 0.1 CON        0
 ICCAP_OUTPUTS
  Id         I  D GROUND drain B
END_HEADER

BEGIN_DB
 ICCAP_VAR Vg         0              
 ICCAP_VAR Vs         0              
 ICCAP_VAR Vb         0              

 #Vd              Id             
  0               -6.523e-009    
  0.025           -2.713e-009    
  0.05            2.348e-009     
  0.075           6.744e-009     
  0.1             2.512e-009     
  0.125           -1.181e-009    
  0.15            -4.335e-009    
  0.175           6.438e-009     
  0.2             3.071e-009     
  0.225           -1.733e-009    
  0.25            -3.605e-009    
  0.275           3.321e-009     
  0.3             -1.072e-009    
  0.325           1.8e-009       
  0.35            3.6003e-009    
  0.375           3.276e-009     
  0.4             -1.643e-009    
  0.425           1.148e-009     
  0.45            3.526e-009     
  0.475           2.804e-009     
  0.5             -1.374e-009    
  0.525           1.137e-009     
  0.55            3.8103e-009    
  0.575           2.961e-009     
  0.6             -8.49e-010     
  0.625           1.668e-009     
  0.65            3.4362e-009    
  0.675           1.52e-009      
  0.7             2.026e-009     
  0.725           -6.43e-010     
  0.75            -3.0216e-009   
  0.775           -1.793e-009    
  0.8             3.057e-009     
  0.825           -3.94e-010     
  0.85            -3.071e-009    
  0.875           -1.454e-009    
  0.9             2.225e-009     
  0.925           6.166e-009     
  0.95            3.195e-009     
  0.975           -1.196e-009    
  1               -5.307e-009    
  1.025           -1.829e-009    
  1.05            5.16e-010      
  1.075           3.1e-009       
  1.1             -1.931e-009    
  1.125           7.01e-010      
  1.15            3.323e-009     
  1.175           -2.437e-009    
  1.2             2.083e-009     
END_DB

BEGIN_DB
 ICCAP_VAR Vg         0.1            
 ICCAP_VAR Vs         0              
 ICCAP_VAR Vb         0              

 #Vd              Id             
  0               1.08e-010      
  0.025           2.228e-009     
  0.05            5.419e-009     
  0.075           5.128e-009     
  0.1             5.317e-009     
  0.125           4.855e-009     
  0.15            6.387e-009     
  0.175           5.138e-009     
  0.2             6.756e-009     
  0.225           3.8e-009       
  0.25            2.321e-009     
  0.275           7.778e-009     
  0.3             4.958e-009     
  0.325           6.626e-009     
  0.35            3.836e-009     
  0.375           -8.52e-010     
  0.4             3.816e-009     
  0.425           5.309e-009     
  0.45            5.056e-009     
  0.475           6.568e-009     
  0.5             5.7e-009       
  0.525           7e-011         
  0.55            9.312e-009     
  0.575           5.849e-009     
  0.6             6.527e-009     
  0.625           5.811e-009     
  0.65            9.434e-009     
  0.675           3.995e-009     
  0.7             7.813e-009     
  0.725           4.805e-009     
  0.75            3.763e-009     
  0.775           8.913e-009     
  0.8             5.677e-009     
  0.825           3.1951e-009    
  0.85            4.306e-009     
  0.875           2.712e-009     
  0.9             6.463e-009     
  0.925           6.075e-009     
  0.95            9.732e-009     
  0.975           3.455e-009     
  1               8.16e-009      
  1.025           8.198e-009     
  1.05            5.567e-009     
  1.075           7.295e-009     
  1.1             6.878e-009     
  1.125           6.266e-009     
  1.15            7.649e-009     
  1.175           8.438e-009     
  1.2             5.765e-009     
END_DB

BEGIN_DB
 ICCAP_VAR Vg         0.2            
 ICCAP_VAR Vs         0              
 ICCAP_VAR Vb         0              

 #Vd              Id             
  0               -5.929e-009    
  0.025           6.6997e-008    
  0.05            9.6538e-008    
  0.075           1.05146e-007   
  0.1             1.14615e-007   
  0.125           1.05137e-007   
  0.15            1.20358e-007   
  0.175           1.16207e-007   
  0.2             1.22909e-007   
  0.225           1.25114e-007   
  0.25            1.21979e-007   
  0.275           1.28426e-007   
  0.3             1.19228e-007   
  0.325           1.33317e-007   
  0.35            1.33016e-007   
  0.375           1.18039e-007   
  0.4             1.35588e-007   
  0.425           1.22201e-007   
  0.45            1.35777e-007   
  0.475           1.20366e-007   
  0.5             1.38918e-007   
  0.525           1.42544e-007   
  0.55            1.40292e-007   
  0.575           1.24515e-007   
  0.6             1.44148e-007   
  0.625           1.43602e-007   
  0.65            1.39458e-007   
  0.675           1.44818e-007   
  0.7             1.48728e-007   
  0.725           1.45559e-007   
  0.75            1.28486e-007   
  0.775           1.49916e-007   
  0.8             1.48848e-007   
  0.825           1.34247e-007   
  0.85            1.50392e-007   
  0.875           1.3757e-007    
  0.9             1.51815e-007   
  0.925           1.39934e-007   
  0.95            1.5186e-007    
  0.975           1.54383e-007   
  1               1.34354e-007   
  1.025           1.35623e-007   
  1.05            1.55873e-007   
  1.075           1.56063e-007   
  1.1             1.41707e-007   
  1.125           1.55949e-007   
  1.15            1.37692e-007   
  1.175           1.59919e-007   
  1.2             1.5889e-007    
END_DB

BEGIN_DB
 ICCAP_VAR Vg         0.3            
 ICCAP_VAR Vs         0              
 ICCAP_VAR Vb         0              

 #Vd              Id             
  0               1.1002e-008    
  0.025           1.40472e-006   
  0.05            2.01735e-006   
  0.075           2.2963e-006    
  0.1             2.43555e-006   
  0.125           2.51805e-006   
  0.15            2.5759e-006    
  0.175           2.62279e-006   
  0.2             2.6641e-006    
  0.225           2.70189e-006   
  0.25            2.73659e-006   
  0.275           2.7707e-006    
  0.3             2.80177e-006   
  0.325           2.83055e-006   
  0.35            2.85845e-006   
  0.375           2.88647e-006   
  0.4             2.91103e-006   
  0.425           2.93738e-006   
  0.45            2.96077e-006   
  0.475           2.98384e-006   
  0.5             3.00577e-006   
  0.525           3.02655e-006   
  0.55            3.04793e-006   
  0.575           3.06711e-006   
  0.6             3.08795e-006   
  0.625           3.10568e-006   
  0.65            3.12203e-006   
  0.675           3.13826e-006   
  0.7             3.15492e-006   
  0.725           3.17223e-006   
  0.75            3.18628e-006   
  0.775           3.2022e-006    
  0.8             3.21712e-006   
  0.825           3.23032e-006   
  0.85            3.24592e-006   
  0.875           3.25859e-006   
  0.9             3.272e-006     
  0.925           3.28425e-006   
  0.95            3.29561e-006   
  0.975           3.30709e-006   
  1               3.3197e-006    
  1.025           3.33033e-006   
  1.05            3.34219e-006   
  1.075           3.35336e-006   
  1.1             3.36254e-006   
  1.125           3.37377e-006   
  1.15            3.38353e-006   
  1.175           3.3921e-006    
  1.2             3.40187e-006   
END_DB

BEGIN_DB
 ICCAP_VAR Vg         0.4            
 ICCAP_VAR Vs         0              
 ICCAP_VAR Vb         0              

 #Vd              Id             
  0               1.209e-007     
  0.025           1.66141e-005   
  0.05            2.5505e-005    
  0.075           3.01753e-005   
  0.1             3.2677e-005    
  0.125           3.41457e-005   
  0.15            3.51226e-005   
  0.175           3.58534e-005   
  0.2             3.64661e-005   
  0.225           3.70162e-005   
  0.25            3.74944e-005   
  0.275           3.79587e-005   
  0.3             3.83818e-005   
  0.325           3.87935e-005   
  0.35            3.91717e-005   
  0.375           3.95394e-005   
  0.4             3.98868e-005   
  0.425           4.02276e-005   
  0.45            4.05399e-005   
  0.475           4.08396e-005   
  0.5             4.11352e-005   
  0.525           4.14131e-005   
  0.55            4.16789e-005   
  0.575           4.19415e-005   
  0.6             4.21964e-005   
  0.625           4.24479e-005   
  0.65            4.26825e-005   
  0.675           4.29098e-005   
  0.7             4.3117e-005    
  0.725           4.33358e-005   
  0.75            4.3537e-005    
  0.775           4.37275e-005   
  0.8             4.39303e-005   
  0.825           4.41088e-005   
  0.85            4.42878e-005   
  0.875           4.44686e-005   
  0.9             4.46418e-005   
  0.925           4.48041e-005   
  0.95            4.49694e-005   
  0.975           4.51363e-005   
  1               4.52825e-005   
  1.025           4.54373e-005   
  1.05            4.55907e-005   
  1.075           4.57309e-005   
  1.1             4.58646e-005   
  1.125           4.60179e-005   
  1.15            4.61503e-005   
  1.175           4.62713e-005   
  1.2             4.64003e-005   
END_DB

BEGIN_DB
 ICCAP_VAR Vg         0.5            
 ICCAP_VAR Vs         0              
 ICCAP_VAR Vb         0              

 #Vd              Id             
  0               5.7793e-007    
  0.025           8.26768e-005   
  0.05            0.000138825    
  0.075           0.000175546    
  0.1             0.000198648    
  0.125           0.000213134    
  0.15            0.000222465    
  0.175           0.00022889     
  0.2             0.000233742    
  0.225           0.000237596    
  0.25            0.000240946    
  0.275           0.000244007    
  0.3             0.000246701    
  0.325           0.000249245    
  0.35            0.000251673    
  0.375           0.000253908    
  0.4             0.000256031    
  0.425           0.000258047    
  0.45            0.000260022    
  0.475           0.000261851    
  0.5             0.000263657    
  0.525           0.000265374    
  0.55            0.00026695     
  0.575           0.000268615    
  0.6             0.000270116    
  0.625           0.00027163     
  0.65            0.000273008    
  0.675           0.000274435    
  0.7             0.000275724    
  0.725           0.000277027    
  0.75            0.000278279    
  0.775           0.000279528    
  0.8             0.000280679    
  0.825           0.000281847    
  0.85            0.000282945    
  0.875           0.000284027    
  0.9             0.000285085    
  0.925           0.000286136    
  0.95            0.000287082    
  0.975           0.000288116    
  1               0.000289049    
  1.025           0.000289993    
  1.05            0.000290916    
  1.075           0.0002918      
  1.1             0.000292699    
  1.125           0.000293515    
  1.15            0.000294363    
  1.175           0.000295192    
  1.2             0.000295997    
END_DB

BEGIN_DB
 ICCAP_VAR Vg         0.6            
 ICCAP_VAR Vs         0              
 ICCAP_VAR Vb         0              

 #Vd              Id             
  0               1.37968e-006   
  0.025           0.000211033    
  0.05            0.000378611    
  0.075           0.000508323    
  0.1             0.000605323    
  0.125           0.000675626    
  0.15            0.000725378    
  0.175           0.000760543    
  0.2             0.000785706    
  0.225           0.000804306    
  0.25            0.000818761    
  0.275           0.000830679    
  0.3             0.000840993    
  0.325           0.000850072    
  0.35            0.000858264    
  0.375           0.000865942    
  0.4             0.000873158    
  0.425           0.000880001    
  0.45            0.000886344    
  0.475           0.000892406    
  0.5             0.000898154    
  0.525           0.000903788    
  0.55            0.000909137    
  0.575           0.000914267    
  0.6             0.000919264    
  0.625           0.000924013    
  0.65            0.000928626    
  0.675           0.00093318     
  0.7             0.000937563    
  0.725           0.000941688    
  0.75            0.000945658    
  0.775           0.000949687    
  0.8             0.000953498    
  0.825           0.000957253    
  0.85            0.000960967    
  0.875           0.000964438    
  0.9             0.0009678      
  0.925           0.000971389    
  0.95            0.000974701    
  0.975           0.000977834    
  1               0.000980924    
  1.025           0.000983979    
  1.05            0.00098711     
  1.075           0.000990084    
  1.1             0.000992888    
  1.125           0.00099572     
  1.15            0.00099841     
  1.175           0.00100115     
  1.2             0.00100379     
END_DB

BEGIN_DB
 ICCAP_VAR Vg         0.7            
 ICCAP_VAR Vs         0              
 ICCAP_VAR Vb         0              

 #Vd              Id             
  0               2.3964e-006    
  0.025           0.000373721    
  0.05            0.000696241    
  0.075           0.00097121     
  0.1             0.00120049     
  0.125           0.00138751     
  0.15            0.00153638     
  0.175           0.00165263     
  0.2             0.00174114     
  0.225           0.00180824     
  0.25            0.00185927     
  0.275           0.00189872     
  0.3             0.00193021     
  0.325           0.001956       
  0.35            0.00197807     
  0.375           0.00199741     
  0.4             0.00201492     
  0.425           0.00203103     
  0.45            0.00204582     
  0.475           0.00205996     
  0.5             0.00207306     
  0.525           0.0020856      
  0.55            0.00209757     
  0.575           0.00210886     
  0.6             0.00211997     
  0.625           0.00213068     
  0.65            0.00214089     
  0.675           0.00215076     
  0.7             0.0021603      
  0.725           0.00216942     
  0.75            0.00217842     
  0.775           0.00218717     
  0.8             0.00219556     
  0.825           0.00220389     
  0.85            0.00221169     
  0.875           0.00221939     
  0.9             0.00222694     
  0.925           0.00223434     
  0.95            0.00224166     
  0.975           0.00224861     
  1               0.00225542     
  1.025           0.00226226     
  1.05            0.00226872     
  1.075           0.0022752      
  1.1             0.00228146     
  1.125           0.00228738     
  1.15            0.00229365     
  1.175           0.00229947     
  1.2             0.00230516     
END_DB

BEGIN_DB
 ICCAP_VAR Vg         0.8            
 ICCAP_VAR Vs         0              
 ICCAP_VAR Vb         0              

 #Vd              Id             
  0               3.3957e-006    
  0.025           0.000543988    
  0.05            0.00103483     
  0.075           0.00147613     
  0.1             0.00186749     
  0.125           0.00220971     
  0.15            0.00250413     
  0.175           0.00275391     
  0.2             0.00296066     
  0.225           0.00312944     
  0.25            0.00326523     
  0.275           0.00337352     
  0.3             0.00345915     
  0.325           0.00352751     
  0.35            0.00358289     
  0.375           0.00362847     
  0.4             0.0036673      
  0.425           0.00370071     
  0.45            0.00373039     
  0.475           0.00375751     
  0.5             0.00378238     
  0.525           0.00380572     
  0.55            0.0038275      
  0.575           0.00384808     
  0.6             0.00386791     
  0.625           0.00388674     
  0.65            0.00390481     
  0.675           0.00392208     
  0.7             0.00393869     
  0.725           0.00395475     
  0.75            0.00397027     
  0.775           0.0039855      
  0.8             0.00400013     
  0.825           0.00401437     
  0.85            0.00402803     
  0.875           0.00404155     
  0.9             0.00405427     
  0.925           0.00406728     
  0.95            0.00407931     
  0.975           0.00409161     
  1               0.00410319     
  1.025           0.00411485     
  1.05            0.00412605     
  1.075           0.00413699     
  1.1             0.004148       
  1.125           0.00415814     
  1.15            0.00416842     
  1.175           0.00417829     
  1.2             0.00418823     
END_DB

BEGIN_DB
 ICCAP_VAR Vg         0.9            
 ICCAP_VAR Vs         0              
 ICCAP_VAR Vb         0              

 #Vd              Id             
  0               2.37144e-006   
  0.025           0.000705303    
  0.05            0.0013598      
  0.075           0.00196653     
  0.1             0.00252369     
  0.125           0.00303104     
  0.15            0.00348819     
  0.175           0.00389631     
  0.2             0.00425408     
  0.225           0.00456446     
  0.25            0.0048302      
  0.275           0.0050546      
  0.3             0.00524117     
  0.325           0.00539508     
  0.35            0.00552109     
  0.375           0.00562413     
  0.4             0.0057089      
  0.425           0.00577924     
  0.45            0.00583889     
  0.475           0.00588983     
  0.5             0.00593501     
  0.525           0.00597484     
  0.55            0.00601206     
  0.575           0.00604579     
  0.6             0.00607746     
  0.625           0.00610735     
  0.65            0.00613544     
  0.675           0.00616192     
  0.7             0.00618765     
  0.725           0.00621209     
  0.75            0.00623582     
  0.775           0.00625864     
  0.8             0.00628061     
  0.825           0.00630148     
  0.85            0.00632197     
  0.875           0.00634211     
  0.9             0.00636117     
  0.925           0.00638009     
  0.95            0.00639839     
  0.975           0.00641588     
  1               0.00643323     
  1.025           0.00645013     
  1.05            0.00646658     
  1.075           0.00648248     
  1.1             0.00649838     
  1.125           0.0065135      
  1.15            0.00652877     
  1.175           0.00654315     
  1.2             0.00655778     
END_DB

BEGIN_DB
 ICCAP_VAR Vg         1              
 ICCAP_VAR Vs         0              
 ICCAP_VAR Vb         0              

 #Vd              Id             
  0               2.42701e-006   
  0.025           0.00085092     
  0.05            0.00165468     
  0.075           0.00241443     
  0.1             0.00312764     
  0.125           0.00379298     
  0.15            0.00440936     
  0.175           0.00497718     
  0.2             0.00549305     
  0.225           0.00595878     
  0.25            0.00637467     
  0.275           0.00674231     
  0.3             0.00706352     
  0.325           0.00734095     
  0.35            0.00757788     
  0.375           0.00777863     
  0.4             0.00794662     
  0.425           0.00808709     
  0.45            0.00820473     
  0.475           0.00830327     
  0.5             0.0083865      
  0.525           0.00845843     
  0.55            0.00852096     
  0.575           0.00857634     
  0.6             0.00862649     
  0.625           0.00867203     
  0.65            0.00871372     
  0.675           0.00875301     
  0.7             0.00878963     
  0.725           0.00882501     
  0.75            0.00885786     
  0.775           0.00888931     
  0.8             0.00891966     
  0.825           0.00894896     
  0.85            0.00897668     
  0.875           0.00900374     
  0.9             0.00902964     
  0.925           0.00905478     
  0.95            0.0090793      
  0.975           0.00910305     
  1               0.00912596     
  1.025           0.00914858     
  1.05            0.00916993     
  1.075           0.00919144     
  1.1             0.00921211     
  1.125           0.00923233     
  1.15            0.00925249     
  1.175           0.00927197     
  1.2             0.00929038     
END_DB

BEGIN_DB
 ICCAP_VAR Vg         1.1            
 ICCAP_VAR Vs         0              
 ICCAP_VAR Vb         0              

 #Vd              Id             
  0               5.766e-006     
  0.025           0.000977804    
  0.05            0.00191264     
  0.075           0.00280805     
  0.1             0.00366097     
  0.125           0.00447003     
  0.15            0.00523253     
  0.175           0.00594987     
  0.2             0.00661649     
  0.225           0.00723306     
  0.25            0.00779934     
  0.275           0.00831593     
  0.3             0.00878247     
  0.325           0.00920054     
  0.35            0.00957227     
  0.375           0.00989891     
  0.4             0.0101822      
  0.425           0.0104271      
  0.45            0.0106367      
  0.475           0.0108144      
  0.5             0.0109664      
  0.525           0.011095       
  0.55            0.0112046      
  0.575           0.0112985      
  0.6             0.0113806      
  0.625           0.0114502      
  0.65            0.011514       
  0.675           0.0115724      
  0.7             0.0116255      
  0.725           0.011674       
  0.75            0.0117198      
  0.775           0.0117623      
  0.8             0.0118029      
  0.825           0.0118413      
  0.85            0.0118782      
  0.875           0.0119126      
  0.9             0.011946       
  0.925           0.0119784      
  0.95            0.0120096      
  0.975           0.0120393      
  1               0.0120685      
  1.025           0.0120967      
  1.05            0.012124       
  1.075           0.0121498      
  1.1             0.0121761      
  1.125           0.0122012      
  1.15            0.0122256      
  1.175           0.0122495      
  1.2             0.0122724      
END_DB

BEGIN_DB
 ICCAP_VAR Vg         1.2            
 ICCAP_VAR Vs         0              
 ICCAP_VAR Vb         0              

 #Vd              Id             
  0               2.36803e-006   
  0.025           0.0010863      
  0.05            0.00213315     
  0.075           0.00314586     
  0.1             0.00411969     
  0.125           0.00505376     
  0.15            0.00594584     
  0.175           0.00679623     
  0.2             0.00759821     
  0.225           0.00835293     
  0.25            0.00905942     
  0.275           0.00971737     
  0.3             0.010326       
  0.325           0.0108842      
  0.35            0.0113912      
  0.375           0.0118543      
  0.4             0.0122678      
  0.425           0.0126373      
  0.45            0.012963       
  0.475           0.013249       
  0.5             0.0134972      
  0.525           0.0137118      
  0.55            0.0138973      
  0.575           0.0140563      
  0.6             0.0141933      
  0.625           0.014311       
  0.65            0.0144128      
  0.675           0.014503       
  0.7             0.014582       
  0.725           0.0146529      
  0.75            0.0147169      
  0.775           0.0147762      
  0.8             0.0148301      
  0.825           0.0148807      
  0.85            0.0149279      
  0.875           0.0149732      
  0.9             0.015015       
  0.925           0.0150557      
  0.95            0.0150942      
  0.975           0.0151309      
  1               0.0151664      
  1.025           0.0152011      
  1.05            0.0152336      
  1.075           0.0152656      
  1.1             0.0152965      
  1.125           0.0153265      
  1.15            0.015355       
  1.175           0.0153833      
  1.2             0.0154112      
END_DB

