! VERSION = 6.00
BEGIN_HEADER
 ICCAP_INPUTS
  Vg         V  G GROUND gate 0.1 LIN        2    0          1.2        13   0.1       
  Vd         V  D GROUND drain 0.1 LIN        1    0          1.2        49   0.025     
  Vs         V  S GROUND source 0.1 CON        0
  Vb         V  B GROUND bulk 0.1 CON        0
 ICCAP_OUTPUTS
  Id         I  D GROUND drain B
END_HEADER

BEGIN_DB
 ICCAP_VAR Vg         0              
 ICCAP_VAR Vs         0              
 ICCAP_VAR Vb         0              

 #Vd              Id             
  0               3.265e-009     
  0.025           -1.33e-009     
  0.05            1.989e-009     
  0.075           2.8165e-009    
  0.1             3.574e-009     
  0.125           2.746e-009     
  0.15            -1.287e-009    
  0.175           2.186e-009     
  0.2             1.54e-010      
  0.225           3.556e-009     
  0.25            -1.926e-009    
  0.275           -8.65e-010     
  0.3             -2.8217e-009   
  0.325           -1.729e-009    
  0.35            3.414e-009     
  0.375           1.359e-009     
  0.4             3.835e-009     
  0.425           2.53e-010      
  0.45            6.28e-009      
  0.475           -5.948e-009    
  0.5             -2.015e-009    
  0.525           -6.06e-010     
  0.55            1.79e-009      
  0.575           -1.5e-010      
  0.6             -2.273e-009    
  0.625           2.016e-009     
  0.65            -7.87e-010     
  0.675           -1.184e-009    
  0.7             3.683e-009     
  0.725           -3.15e-010     
  0.75            -2.5367e-009   
  0.775           -1.151e-009    
  0.8             -1.88e-009     
  0.825           2.48e-009      
  0.85            -2.62e-010     
  0.875           1.61e-009      
  0.9             3.9336e-009    
  0.925           2.559e-009     
  0.95            4.95e-010      
  0.975           1.56e-010      
  1               2.526e-009     
  1.025           1.969e-009     
  1.05            -1.837e-009    
  1.075           1.396e-009     
  1.1             -1.15e-010     
  1.125           3.24e-010      
  1.15            1.321e-009     
  1.175           -1.23e-010     
  1.2             -4.778e-009    
END_DB

BEGIN_DB
 ICCAP_VAR Vg         0.1            
 ICCAP_VAR Vs         0              
 ICCAP_VAR Vb         0              

 #Vd              Id             
  0               -1.673e-009    
  0.025           4.55e-009      
  0.05            8.762e-009     
  0.075           7.231e-009     
  0.1             7.603e-009     
  0.125           7.907e-009     
  0.15            6.073e-009     
  0.175           4.456e-009     
  0.2             1.0556e-008    
  0.225           1.11314e-008   
  0.25            1.1643e-008    
  0.275           6.511e-009     
  0.3             1.0982e-008    
  0.325           1.5651e-008    
  0.35            1.2162e-008    
  0.375           7.731e-009     
  0.4             6.833e-009     
  0.425           1.0918e-008    
  0.45            9.831e-009     
  0.475           8.269e-009     
  0.5             1.0083e-008    
  0.525           1.6562e-008    
  0.55            1.3625e-008    
  0.575           9.373e-009     
  0.6             1.1353e-008    
  0.625           1.2449e-008    
  0.65            9.904e-009     
  0.675           1.4739e-008    
  0.7             1.0455e-008    
  0.725           9.028e-009     
  0.75            1.4331e-008    
  0.775           1.1244e-008    
  0.8             1.3968e-008    
  0.825           1.58594e-008   
  0.85            1.5273e-008    
  0.875           1.8787e-008    
  0.9             6.887e-009     
  0.925           1.1219e-008    
  0.95            1.3277e-008    
  0.975           1.07388e-008   
  1               1.1972e-008    
  1.025           8.672e-009     
  1.05            1.2348e-008    
  1.075           1.346e-008     
  1.1             1.4851e-008    
  1.125           1.2911e-008    
  1.15            1.4612e-008    
  1.175           1.6462e-008    
  1.2             1.4433e-008    
END_DB

BEGIN_DB
 ICCAP_VAR Vg         0.2            
 ICCAP_VAR Vs         0              
 ICCAP_VAR Vb         0              

 #Vd              Id             
  0               1.6e-010       
  0.025           8.6542e-008    
  0.05            1.24503e-007   
  0.075           1.26832e-007   
  0.1             1.53618e-007   
  0.125           1.60751e-007   
  0.15            1.48978e-007   
  0.175           1.70886e-007   
  0.2             1.59778e-007   
  0.225           1.79139e-007   
  0.25            1.84741e-007   
  0.275           1.66005e-007   
  0.3             1.93015e-007   
  0.325           1.90097e-007   
  0.35            2.02364e-007   
  0.375           2.0629e-007    
  0.4             2.11004e-007   
  0.425           2.18267e-007   
  0.45            2.17818e-007   
  0.475           2.22701e-007   
  0.5             2.2709e-007    
  0.525           2.29351e-007   
  0.55            2.24008e-007   
  0.575           2.3821e-007    
  0.6             2.43878e-007   
  0.625           2.46779e-007   
  0.65            2.5278e-007    
  0.675           2.55885e-007   
  0.7             2.5708e-007    
  0.725           2.63819e-007   
  0.75            2.64794e-007   
  0.775           2.71699e-007   
  0.8             2.75019e-007   
  0.825           2.76592e-007   
  0.85            2.83447e-007   
  0.875           2.8622e-007    
  0.9             2.87716e-007   
  0.925           2.9403e-007    
  0.95            2.93411e-007   
  0.975           3.01775e-007   
  1               3.04836e-007   
  1.025           3.05926e-007   
  1.05            3.12704e-007   
  1.075           3.13648e-007   
  1.1             3.21266e-007   
  1.125           3.19775e-007   
  1.15            3.27101e-007   
  1.175           3.28842e-007   
  1.2             3.32493e-007   
END_DB

BEGIN_DB
 ICCAP_VAR Vg         0.3            
 ICCAP_VAR Vs         0              
 ICCAP_VAR Vb         0              

 #Vd              Id             
  0               1.23529e-008   
  0.025           1.64229e-006   
  0.05            2.39031e-006   
  0.075           2.76213e-006   
  0.1             2.97842e-006   
  0.125           3.12744e-006   
  0.15            3.25012e-006   
  0.175           3.3595e-006    
  0.2             3.46199e-006   
  0.225           3.55841e-006   
  0.25            3.65598e-006   
  0.275           3.74913e-006   
  0.3             3.83853e-006   
  0.325           3.92907e-006   
  0.35            4.01618e-006   
  0.375           4.1012e-006    
  0.4             4.18814e-006   
  0.425           4.27346e-006   
  0.45            4.35172e-006   
  0.475           4.43549e-006   
  0.5             4.51332e-006   
  0.525           4.59222e-006   
  0.55            4.67048e-006   
  0.575           4.74747e-006   
  0.6             4.82508e-006   
  0.625           4.89911e-006   
  0.65            4.9746e-006    
  0.675           5.04785e-006   
  0.7             5.12257e-006   
  0.725           5.19582e-006   
  0.75            5.26726e-006   
  0.775           5.34005e-006   
  0.8             5.41285e-006   
  0.825           5.48264e-006   
  0.85            5.55431e-006   
  0.875           5.62583e-006   
  0.9             5.70096e-006   
  0.925           5.76947e-006   
  0.95            5.83514e-006   
  0.975           5.90558e-006   
  1               5.97866e-006   
  1.025           6.05251e-006   
  1.05            6.1195e-006    
  1.075           6.19038e-006   
  1.1             6.25897e-006   
  1.125           6.32933e-006   
  1.15            6.40093e-006   
  1.175           6.4708e-006    
  1.2             6.539e-006     
END_DB

BEGIN_DB
 ICCAP_VAR Vg         0.4            
 ICCAP_VAR Vs         0              
 ICCAP_VAR Vb         0              

 #Vd              Id             
  0               1.8049e-007    
  0.025           2.08353e-005   
  0.05            3.18271e-005   
  0.075           3.78235e-005   
  0.1             4.1382e-005    
  0.125           4.37298e-005   
  0.15            4.55522e-005   
  0.175           4.71253e-005   
  0.2             4.85404e-005   
  0.225           4.987e-005     
  0.25            5.11307e-005   
  0.275           5.23511e-005   
  0.3             5.35203e-005   
  0.325           5.46893e-005   
  0.35            5.58234e-005   
  0.375           5.69178e-005   
  0.4             5.79209e-005   
  0.425           5.90171e-005   
  0.45            6.00574e-005   
  0.475           6.10842e-005   
  0.5             6.2088e-005    
  0.525           6.30705e-005   
  0.55            6.40262e-005   
  0.575           6.49825e-005   
  0.6             6.59151e-005   
  0.625           6.68568e-005   
  0.65            6.78117e-005   
  0.675           6.86553e-005   
  0.7             6.95557e-005   
  0.725           7.03838e-005   
  0.75            7.13265e-005   
  0.775           7.21655e-005   
  0.8             7.30366e-005   
  0.825           7.38814e-005   
  0.85            7.47574e-005   
  0.875           7.56129e-005   
  0.9             7.64292e-005   
  0.925           7.72493e-005   
  0.95            7.80994e-005   
  0.975           7.89182e-005   
  1               7.97332e-005   
  1.025           8.05559e-005   
  1.05            8.13606e-005   
  1.075           8.21057e-005   
  1.1             8.29534e-005   
  1.125           8.37679e-005   
  1.15            8.45972e-005   
  1.175           8.5366e-005    
  1.2             8.62032e-005   
END_DB

BEGIN_DB
 ICCAP_VAR Vg         0.5            
 ICCAP_VAR Vs         0              
 ICCAP_VAR Vb         0              

 #Vd              Id             
  0               9.8132e-007    
  0.025           0.000126448    
  0.05            0.000209147    
  0.075           0.000262417    
  0.1             0.00029694     
  0.125           0.000320136    
  0.15            0.000336831    
  0.175           0.000349899    
  0.2             0.000360711    
  0.225           0.000370291    
  0.25            0.000379019    
  0.275           0.000387226    
  0.3             0.000394975    
  0.325           0.000402493    
  0.35            0.000409637    
  0.375           0.000416721    
  0.4             0.000423515    
  0.425           0.000430135    
  0.45            0.000436557    
  0.475           0.000442846    
  0.5             0.000448936    
  0.525           0.000455105    
  0.55            0.000460903    
  0.575           0.00046682     
  0.6             0.000472424    
  0.625           0.000478043    
  0.65            0.000483477    
  0.675           0.00048907     
  0.7             0.000494607    
  0.725           0.000499789    
  0.75            0.000505158    
  0.775           0.000510208    
  0.8             0.00051525     
  0.825           0.000520412    
  0.85            0.000525405    
  0.875           0.000530228    
  0.9             0.000535181    
  0.925           0.000539745    
  0.95            0.00054471     
  0.975           0.000549425    
  1               0.000554221    
  1.025           0.000559125    
  1.05            0.000563771    
  1.075           0.000568595    
  1.1             0.000573058    
  1.125           0.000577684    
  1.15            0.000582277    
  1.175           0.000586749    
  1.2             0.000591208    
END_DB

BEGIN_DB
 ICCAP_VAR Vg         0.6            
 ICCAP_VAR Vs         0              
 ICCAP_VAR Vb         0              

 #Vd              Id             
  0               1.81936e-006   
  0.025           0.00037829     
  0.05            0.000670523    
  0.075           0.000892047    
  0.1             0.00105642     
  0.125           0.00117739     
  0.15            0.00126662     
  0.175           0.00133417     
  0.2             0.00138675     
  0.225           0.00142911     
  0.25            0.00146552     
  0.275           0.00149749     
  0.3             0.00152657     
  0.325           0.00155351     
  0.35            0.00157907     
  0.375           0.00160337     
  0.4             0.00162652     
  0.425           0.00164875     
  0.45            0.00167056     
  0.475           0.00169146     
  0.5             0.00171183     
  0.525           0.00173173     
  0.55            0.00175131     
  0.575           0.00177023     
  0.6             0.00178869     
  0.625           0.00180655     
  0.65            0.00182461     
  0.675           0.00184202     
  0.7             0.00185902     
  0.725           0.001876       
  0.75            0.00189252     
  0.775           0.001909       
  0.8             0.00192491     
  0.825           0.00194046     
  0.85            0.00195668     
  0.875           0.0019723      
  0.9             0.00198776     
  0.925           0.00200296     
  0.95            0.00201767     
  0.975           0.00203211     
  1               0.00204695     
  1.025           0.00206184     
  1.05            0.0020757      
  1.075           0.00209006     
  1.1             0.00210388     
  1.125           0.00211755     
  1.15            0.00213145     
  1.175           0.00214527     
  1.2             0.00215848     
END_DB

BEGIN_DB
 ICCAP_VAR Vg         0.7            
 ICCAP_VAR Vs         0              
 ICCAP_VAR Vb         0              

 #Vd              Id             
  0               5.0156e-006    
  0.025           0.000728281    
  0.05            0.00134718     
  0.075           0.00186626     
  0.1             0.00229344     
  0.125           0.0026387      
  0.15            0.00291371     
  0.175           0.00313159     
  0.2             0.00330353     
  0.225           0.00344029     
  0.25            0.00355221     
  0.275           0.00364498     
  0.3             0.00372375     
  0.325           0.00379419     
  0.35            0.00385669     
  0.375           0.00391434     
  0.4             0.00396836     
  0.425           0.00401886     
  0.45            0.00406681     
  0.475           0.00411299     
  0.5             0.00415759     
  0.525           0.00420008     
  0.55            0.00424179     
  0.575           0.00428182     
  0.6             0.00432152     
  0.625           0.00435937     
  0.65            0.00439651     
  0.675           0.00443304     
  0.7             0.00446853     
  0.725           0.00450364     
  0.75            0.00453732     
  0.775           0.00457124     
  0.8             0.00460481     
  0.825           0.00463715     
  0.85            0.00466875     
  0.875           0.0047003      
  0.9             0.0047308      
  0.925           0.00476145     
  0.95            0.00479196     
  0.975           0.00482154     
  1               0.00484989     
  1.025           0.00487968     
  1.05            0.00490768     
  1.075           0.00493603     
  1.1             0.00496401     
  1.125           0.00499144     
  1.15            0.0050188      
  1.175           0.00504601     
  1.2             0.00507276     
END_DB

BEGIN_DB
 ICCAP_VAR Vg         0.8            
 ICCAP_VAR Vs         0              
 ICCAP_VAR Vb         0              

 #Vd              Id             
  0               4.37161e-006   
  0.025           0.00110127     
  0.05            0.00208733     
  0.075           0.00296429     
  0.1             0.00373033     
  0.125           0.00439053     
  0.15            0.00495065     
  0.175           0.00542124     
  0.2             0.00581064     
  0.225           0.00613109     
  0.25            0.00639466     
  0.275           0.0066122      
  0.3             0.00679314     
  0.325           0.00694667     
  0.35            0.0070783      
  0.375           0.00719453     
  0.4             0.00729728     
  0.425           0.00739232     
  0.45            0.00747933     
  0.475           0.00756025     
  0.5             0.0076376      
  0.525           0.00771012     
  0.55            0.00778012     
  0.575           0.00784709     
  0.6             0.00791193     
  0.625           0.00797425     
  0.65            0.00803506     
  0.675           0.00809328     
  0.7             0.00815085     
  0.725           0.00820673     
  0.75            0.00826159     
  0.775           0.00831554     
  0.8             0.00836701     
  0.825           0.00841774     
  0.85            0.00846813     
  0.875           0.00851705     
  0.9             0.0085652      
  0.925           0.0086133      
  0.95            0.00865961     
  0.975           0.00870522     
  1               0.00875143     
  1.025           0.0087949      
  1.05            0.00883792     
  1.075           0.00888146     
  1.1             0.0089242      
  1.125           0.00896612     
  1.15            0.00900721     
  1.175           0.00904821     
  1.2             0.00908866     
END_DB

BEGIN_DB
 ICCAP_VAR Vg         0.9            
 ICCAP_VAR Vs         0              
 ICCAP_VAR Vb         0              

 #Vd              Id             
  0               9.4953e-006    
  0.025           0.00145099     
  0.05            0.00279146     
  0.075           0.00402425     
  0.1             0.00514241     
  0.125           0.00614487     
  0.15            0.00703213     
  0.175           0.00781126     
  0.2             0.00848346     
  0.225           0.00905825     
  0.25            0.00954751     
  0.275           0.00996144     
  0.3             0.0103105      
  0.325           0.0106056      
  0.35            0.0108544      
  0.375           0.0110692      
  0.4             0.0112541      
  0.425           0.0114133      
  0.45            0.0115596      
  0.475           0.0116903      
  0.5             0.0118111      
  0.525           0.011922       
  0.55            0.0120263      
  0.575           0.0121255      
  0.6             0.0122197      
  0.625           0.0123108      
  0.65            0.0123964      
  0.675           0.0124793      
  0.7             0.0125589      
  0.725           0.0126371      
  0.75            0.012712       
  0.775           0.0127848      
  0.8             0.0128568      
  0.825           0.0129269      
  0.85            0.0129955      
  0.875           0.0130611      
  0.9             0.0131254      
  0.925           0.0131903      
  0.95            0.0132526      
  0.975           0.0133144      
  1               0.0133735      
  1.025           0.0134322      
  1.05            0.013489       
  1.075           0.0135471      
  1.1             0.0136025      
  1.125           0.0136582      
  1.15            0.0137126      
  1.175           0.013765       
  1.2             0.0138178      
END_DB

BEGIN_DB
 ICCAP_VAR Vg         1              
 ICCAP_VAR Vs         0              
 ICCAP_VAR Vb         0              

 #Vd              Id             
  0               1.00432e-005   
  0.025           0.0017591      
  0.05            0.00341689     
  0.075           0.00497342     
  0.1             0.00641966     
  0.125           0.00774944     
  0.15            0.00895975     
  0.175           0.0100557      
  0.2             0.0110301      
  0.225           0.0118883      
  0.25            0.0126442      
  0.275           0.0133027      
  0.3             0.0138707      
  0.325           0.0143596      
  0.35            0.0147801      
  0.375           0.0151416      
  0.4             0.0154517      
  0.425           0.0157206      
  0.45            0.0159562      
  0.475           0.0161623      
  0.5             0.0163465      
  0.525           0.0165134      
  0.55            0.0166656      
  0.575           0.0168056      
  0.6             0.0169371      
  0.625           0.0170595      
  0.65            0.0171745      
  0.675           0.0172841      
  0.7             0.0173888      
  0.725           0.0174892      
  0.75            0.0175861      
  0.775           0.0176801      
  0.8             0.0177703      
  0.825           0.0178582      
  0.85            0.0179426      
  0.875           0.0180263      
  0.9             0.0181072      
  0.925           0.0181847      
  0.95            0.0182619      
  0.975           0.018337       
  1               0.0184093      
  1.025           0.0184809      
  1.05            0.0185516      
  1.075           0.0186207      
  1.1             0.0186877      
  1.125           0.0187558      
  1.15            0.0188208      
  1.175           0.0188851      
  1.2             0.01895        
END_DB

BEGIN_DB
 ICCAP_VAR Vg         1.1            
 ICCAP_VAR Vs         0              
 ICCAP_VAR Vb         0              

 #Vd              Id             
  0               1.12781e-005   
  0.025           0.00202263     
  0.05            0.00395322     
  0.075           0.00579187     
  0.1             0.0075272      
  0.125           0.00915262     
  0.15            0.0106595      
  0.175           0.0120487      
  0.2             0.0133145      
  0.225           0.0144607      
  0.25            0.0154909      
  0.275           0.0164108      
  0.3             0.0172258      
  0.325           0.0179427      
  0.35            0.0185717      
  0.375           0.0191215      
  0.4             0.0195989      
  0.425           0.0200148      
  0.45            0.020377       
  0.475           0.0206916      
  0.5             0.0209695      
  0.525           0.021215       
  0.55            0.0214348      
  0.575           0.0216326      
  0.6             0.0218142      
  0.625           0.0219797      
  0.65            0.0221326      
  0.675           0.0222766      
  0.7             0.0224117      
  0.725           0.0225378      
  0.75            0.0226597      
  0.775           0.0227756      
  0.8             0.0228862      
  0.825           0.0229925      
  0.85            0.0230952      
  0.875           0.0231948      
  0.9             0.0232899      
  0.925           0.0233828      
  0.95            0.0234729      
  0.975           0.023561       
  1               0.0236486      
  1.025           0.0237319      
  1.05            0.023813       
  1.075           0.0238921      
  1.1             0.0239691      
  1.125           0.0240468      
  1.15            0.024122       
  1.175           0.0241948      
  1.2             0.0242664      
END_DB

BEGIN_DB
 ICCAP_VAR Vg         1.2            
 ICCAP_VAR Vs         0              
 ICCAP_VAR Vb         0              

 #Vd              Id             
  0               5.43874e-006   
  0.025           0.00224259     
  0.05            0.00440274     
  0.075           0.00648088     
  0.1             0.00846425     
  0.125           0.0103435      
  0.15            0.0121086      
  0.175           0.0137658      
  0.2             0.0152983      
  0.225           0.0167108      
  0.25            0.0180039      
  0.275           0.0191801      
  0.3             0.0202431      
  0.325           0.0211985      
  0.35            0.0220524      
  0.375           0.0228143      
  0.4             0.0234853      
  0.425           0.0240782      
  0.45            0.0245996      
  0.475           0.0250586      
  0.5             0.0254608      
  0.525           0.025818       
  0.55            0.026132       
  0.575           0.0264131      
  0.6             0.0266638      
  0.625           0.0268919      
  0.65            0.0270986      
  0.675           0.0272855      
  0.7             0.0274601      
  0.725           0.0276213      
  0.75            0.0277726      
  0.775           0.0279157      
  0.8             0.0280502      
  0.825           0.0281777      
  0.85            0.0283014      
  0.875           0.028418       
  0.9             0.0285294      
  0.925           0.0286367      
  0.95            0.0287418      
  0.975           0.0288425      
  1               0.0289409      
  1.025           0.0290357      
  1.05            0.0291266      
  1.075           0.0292176      
  1.1             0.0293064      
  1.125           0.029391       
  1.15            0.0294737      
  1.175           0.0295539      
  1.2             0.0296345      
END_DB

