! VERSION = 6.00
BEGIN_HEADER
 ICCAP_INPUTS
  Vg         V  G GROUND gate 0.1 LIN        2    0          1.2        13   0.1       
  Vd         V  D GROUND drain 0.1 LIN        1    0          1.2        49   0.025     
  Vs         V  S GROUND source 0.1 CON        0
  Vb         V  B GROUND bulk 0.1 CON        0
 ICCAP_OUTPUTS
  Id         I  D GROUND drain B
END_HEADER

BEGIN_DB
 ICCAP_VAR Vg         0              
 ICCAP_VAR Vs         0              
 ICCAP_VAR Vb         0              

 #Vd              Id             
  0               4.12e-010      
  0.025           8.11e-010      
  0.05            -2.05e-009     
  0.075           -4.288e-009    
  0.1             -1.866e-009    
  0.125           1.373e-009     
  0.15            1.708e-009     
  0.175           -4e-011        
  0.2             -3.634e-009    
  0.225           2.002e-009     
  0.25            -2.69e-010     
  0.275           9.76e-010      
  0.3             -9e-010        
  0.325           1.83e-010      
  0.35            5.64e-010      
  0.375           -1.087e-009    
  0.4             -3.33e-009     
  0.425           2.868e-009     
  0.45            -2.2e-010      
  0.475           1.056e-009     
  0.5             -2.135e-009    
  0.525           -5.952e-009    
  0.55            -1.73e-009     
  0.575           2.171e-009     
  0.6             1.063e-009     
  0.625           -1.731e-009    
  0.65            2.125e-009     
  0.675           -9.1e-010      
  0.7             -1.81e-009     
  0.725           -3.85e-009     
  0.75            -1.28e-010     
  0.775           -1.212e-009    
  0.8             -2.477e-009    
  0.825           -1.671e-009    
  0.85            -4.702e-009    
  0.875           -1.691e-009    
  0.9             2.797e-009     
  0.925           9.5e-010       
  0.95            -3.56e-010     
  0.975           2.372e-009     
  1               -8.58e-010     
  1.025           -4.536e-009    
  1.05            1.005e-009     
  1.075           -5.13e-010     
  1.1             -5.96e-010     
  1.125           5.76e-010      
  1.15            -9.62e-010     
  1.175           1.776e-009     
  1.2             3.233e-009     
END_DB

BEGIN_DB
 ICCAP_VAR Vg         0.1            
 ICCAP_VAR Vs         0              
 ICCAP_VAR Vb         0              

 #Vd              Id             
  0               8.05e-010      
  0.025           1.261e-009     
  0.05            3.379e-009     
  0.075           7.064e-009     
  0.1             4.515e-009     
  0.125           2.6222e-009    
  0.15            3.235e-009     
  0.175           1.102e-009     
  0.2             3.89e-009      
  0.225           7.324e-009     
  0.25            7.218e-009     
  0.275           3.934e-009     
  0.3             8.155e-009     
  0.325           7.625e-009     
  0.35            8.802e-009     
  0.375           7.235e-009     
  0.4             4.353e-009     
  0.425           3.302e-009     
  0.45            7.924e-009     
  0.475           1.00521e-008   
  0.5             9.683e-009     
  0.525           5.527e-009     
  0.55            8.358e-009     
  0.575           8.543e-009     
  0.6             5.148e-009     
  0.625           7.21e-010      
  0.65            6.431e-009     
  0.675           6.278e-009     
  0.7             8.363e-009     
  0.725           7.069e-009     
  0.75            8.468e-009     
  0.775           6.362e-009     
  0.8             8.648e-009     
  0.825           5.827e-009     
  0.85            7.253e-009     
  0.875           1.0576e-008    
  0.9             6.19e-009      
  0.925           7.51e-009      
  0.95            1.06e-008      
  0.975           8.554e-009     
  1               5.133e-009     
  1.025           2e-009         
  1.05            5.571e-009     
  1.075           6.718e-009     
  1.1             4.3999e-009    
  1.125           6.351e-009     
  1.15            5.732e-009     
  1.175           9.046e-009     
  1.2             6.118e-009     
END_DB

BEGIN_DB
 ICCAP_VAR Vg         0.2            
 ICCAP_VAR Vs         0              
 ICCAP_VAR Vb         0              

 #Vd              Id             
  0               -8e-012        
  0.025           7.89969e-008   
  0.05            1.07054e-007   
  0.075           1.25427e-007   
  0.1             1.27944e-007   
  0.125           1.35288e-007   
  0.15            1.37713e-007   
  0.175           1.3746e-007    
  0.2             1.42442e-007   
  0.225           1.35945e-007   
  0.25            1.43904e-007   
  0.275           1.47246e-007   
  0.3             1.48855e-007   
  0.325           1.48776e-007   
  0.35            1.53203e-007   
  0.375           1.51234e-007   
  0.4             1.52326e-007   
  0.425           1.57757e-007   
  0.45            1.54802e-007   
  0.475           1.40462e-007   
  0.5             1.59689e-007   
  0.525           1.60435e-007   
  0.55            1.45603e-007   
  0.575           1.42331e-007   
  0.6             1.63465e-007   
  0.625           1.67133e-007   
  0.65            1.64813e-007   
  0.675           1.68571e-007   
  0.7             1.61573e-007   
  0.725           1.68902e-007   
  0.75            1.44037e-007   
  0.775           1.72512e-007   
  0.8             1.72934e-007   
  0.825           1.71532e-007   
  0.85            1.75853e-007   
  0.875           1.75636e-007   
  0.9             1.74211e-007   
  0.925           1.57886e-007   
  0.95            1.76316e-007   
  0.975           1.51356e-007   
  1               1.76103e-007   
  1.025           1.80954e-007   
  1.05            1.8127e-007    
  1.075           1.78973e-007   
  1.1             1.73313e-007   
  1.125           1.81082e-007   
  1.15            1.85359e-007   
  1.175           1.81411e-007   
  1.2             1.82834e-007   
END_DB

BEGIN_DB
 ICCAP_VAR Vg         0.3            
 ICCAP_VAR Vs         0              
 ICCAP_VAR Vb         0              

 #Vd              Id             
  0               1.24388e-008   
  0.025           1.54119e-006   
  0.05            2.2186e-006    
  0.075           2.53247e-006   
  0.1             2.69e-006      
  0.125           2.78592e-006   
  0.15            2.85519e-006   
  0.175           2.91146e-006   
  0.2             2.95818e-006   
  0.225           3.00646e-006   
  0.25            3.04872e-006   
  0.275           3.0893e-006    
  0.3             3.1276e-006    
  0.325           3.16475e-006   
  0.35            3.20284e-006   
  0.375           3.23421e-006   
  0.4             3.26458e-006   
  0.425           3.29727e-006   
  0.45            3.32783e-006   
  0.475           3.35597e-006   
  0.5             3.38429e-006   
  0.525           3.41068e-006   
  0.55            3.43733e-006   
  0.575           3.46203e-006   
  0.6             3.48639e-006   
  0.625           3.50725e-006   
  0.65            3.53398e-006   
  0.675           3.55598e-006   
  0.7             3.57562e-006   
  0.725           3.59384e-006   
  0.75            3.61534e-006   
  0.775           3.63583e-006   
  0.8             3.65886e-006   
  0.825           3.67446e-006   
  0.85            3.68929e-006   
  0.875           3.71026e-006   
  0.9             3.72617e-006   
  0.925           3.74549e-006   
  0.95            3.76053e-006   
  0.975           3.77539e-006   
  1               3.79405e-006   
  1.025           3.80831e-006   
  1.05            3.8222e-006    
  1.075           3.83758e-006   
  1.1             3.84799e-006   
  1.125           3.8658e-006    
  1.15            3.88049e-006   
  1.175           3.89509e-006   
  1.2             3.90552e-006   
END_DB

BEGIN_DB
 ICCAP_VAR Vg         0.4            
 ICCAP_VAR Vs         0              
 ICCAP_VAR Vb         0              

 #Vd              Id             
  0               1.43724e-007   
  0.025           1.84271e-005   
  0.05            2.82445e-005   
  0.075           3.34355e-005   
  0.1             3.6275e-005    
  0.125           3.79628e-005   
  0.15            3.91112e-005   
  0.175           3.9981e-005    
  0.2             4.07209e-005   
  0.225           4.13683e-005   
  0.25            4.19665e-005   
  0.275           4.25237e-005   
  0.3             4.30525e-005   
  0.325           4.35594e-005   
  0.35            4.40379e-005   
  0.375           4.44879e-005   
  0.4             4.49251e-005   
  0.425           4.53324e-005   
  0.45            4.57431e-005   
  0.475           4.61241e-005   
  0.5             4.64944e-005   
  0.525           4.68443e-005   
  0.55            4.71876e-005   
  0.575           4.75058e-005   
  0.6             4.78363e-005   
  0.625           4.81351e-005   
  0.65            4.84395e-005   
  0.675           4.87316e-005   
  0.7             4.90088e-005   
  0.725           4.92953e-005   
  0.75            4.95497e-005   
  0.775           4.98256e-005   
  0.8             5.00637e-005   
  0.825           5.031e-005     
  0.85            5.05571e-005   
  0.875           5.07793e-005   
  0.9             5.09945e-005   
  0.925           5.12337e-005   
  0.95            5.14566e-005   
  0.975           5.16679e-005   
  1               5.18653e-005   
  1.025           5.20691e-005   
  1.05            5.22638e-005   
  1.075           5.24617e-005   
  1.1             5.26392e-005   
  1.125           5.28333e-005   
  1.15            5.3009e-005    
  1.175           5.31898e-005   
  1.2             5.33774e-005   
END_DB

BEGIN_DB
 ICCAP_VAR Vg         0.5            
 ICCAP_VAR Vs         0              
 ICCAP_VAR Vb         0              

 #Vd              Id             
  0               7.4273e-007    
  0.025           9.74483e-005   
  0.05            0.000162909    
  0.075           0.00020552     
  0.1             0.00023238     
  0.125           0.000249523    
  0.15            0.000260819    
  0.175           0.000268796    
  0.2             0.00027495     
  0.225           0.000279899    
  0.25            0.000284233    
  0.275           0.000288066    
  0.3             0.000291687    
  0.325           0.000295123    
  0.35            0.000298279    
  0.375           0.00030127     
  0.4             0.000304105    
  0.425           0.000306767    
  0.45            0.00030943     
  0.475           0.000311796    
  0.5             0.000314276    
  0.525           0.000316586    
  0.55            0.000318732    
  0.575           0.000320971    
  0.6             0.00032306     
  0.625           0.000325109    
  0.65            0.000327037    
  0.675           0.000328876    
  0.7             0.000330774    
  0.725           0.000332448    
  0.75            0.000334267    
  0.775           0.000335893    
  0.8             0.000337625    
  0.825           0.000339166    
  0.85            0.000340723    
  0.875           0.000342282    
  0.9             0.000343749    
  0.925           0.000345166    
  0.95            0.000346581    
  0.975           0.000347969    
  1               0.000349279    
  1.025           0.000350703    
  1.05            0.000352027    
  1.075           0.000353209    
  1.1             0.000354529    
  1.125           0.000355692    
  1.15            0.000356756    
  1.175           0.000357998    
  1.2             0.000359177    
END_DB

BEGIN_DB
 ICCAP_VAR Vg         0.6            
 ICCAP_VAR Vs         0              
 ICCAP_VAR Vb         0              

 #Vd              Id             
  0               1.61122e-006   
  0.025           0.000261466    
  0.05            0.00046735     
  0.075           0.000625619    
  0.1             0.000743701    
  0.125           0.000829706    
  0.15            0.000891068    
  0.175           0.000935326    
  0.2             0.000967669    
  0.225           0.000992136    
  0.25            0.00101173     
  0.275           0.00102804     
  0.3             0.00104194     
  0.325           0.00105472     
  0.35            0.00106623     
  0.375           0.00107701     
  0.4             0.00108709     
  0.425           0.00109698     
  0.45            0.00110594     
  0.475           0.0011146      
  0.5             0.00112291     
  0.525           0.00113091     
  0.55            0.00113856     
  0.575           0.00114614     
  0.6             0.00115323     
  0.625           0.00116042     
  0.65            0.00116722     
  0.675           0.00117377     
  0.7             0.0011799      
  0.725           0.0011862      
  0.75            0.00119214     
  0.775           0.00119797     
  0.8             0.001204       
  0.825           0.00120941     
  0.85            0.0012148      
  0.875           0.00121976     
  0.9             0.00122494     
  0.925           0.00122999     
  0.95            0.00123523     
  0.975           0.00123996     
  1               0.00124479     
  1.025           0.00124922     
  1.05            0.00125363     
  1.075           0.00125813     
  1.1             0.00126245     
  1.125           0.00126672     
  1.15            0.001271       
  1.175           0.00127498     
  1.2             0.00127929     
END_DB

BEGIN_DB
 ICCAP_VAR Vg         0.7            
 ICCAP_VAR Vs         0              
 ICCAP_VAR Vb         0              

 #Vd              Id             
  0               3.33251e-008   
  0.025           0.000476412    
  0.05            0.000884994    
  0.075           0.00123186     
  0.1             0.00151988     
  0.125           0.0017543      
  0.15            0.00194097     
  0.175           0.00208733     
  0.2             0.00220006     
  0.225           0.00228697     
  0.25            0.00235433     
  0.275           0.00240731     
  0.3             0.00245108     
  0.325           0.00248697     
  0.35            0.00251829     
  0.375           0.00254598     
  0.4             0.00257133     
  0.425           0.00259473     
  0.45            0.00261614     
  0.475           0.00263649     
  0.5             0.00265586     
  0.525           0.0026746      
  0.55            0.00269243     
  0.575           0.00270925     
  0.6             0.00272568     
  0.625           0.00274112     
  0.65            0.00275659     
  0.675           0.00277173     
  0.7             0.00278581     
  0.725           0.00279969     
  0.75            0.00281352     
  0.775           0.00282685     
  0.8             0.00283927     
  0.825           0.00285173     
  0.85            0.00286393     
  0.875           0.00287572     
  0.9             0.00288735     
  0.925           0.00289867     
  0.95            0.00290969     
  0.975           0.00292054     
  1               0.00293117     
  1.025           0.00294164     
  1.05            0.00295172     
  1.075           0.00296194     
  1.1             0.00297134     
  1.125           0.00298102     
  1.15            0.00299036     
  1.175           0.00299958     
  1.2             0.00300899     
END_DB

BEGIN_DB
 ICCAP_VAR Vg         0.8            
 ICCAP_VAR Vs         0              
 ICCAP_VAR Vb         0              

 #Vd              Id             
  0               5.56287e-008   
  0.025           0.000702851    
  0.05            0.00133586     
  0.075           0.00190274     
  0.1             0.00240348     
  0.125           0.00283953     
  0.15            0.00321334     
  0.175           0.00352941     
  0.2             0.00379155     
  0.225           0.00400642     
  0.25            0.00418006     
  0.275           0.00431998     
  0.3             0.00443255     
  0.325           0.00452397     
  0.35            0.00459968     
  0.375           0.00466329     
  0.4             0.00471746     
  0.425           0.0047656      
  0.45            0.00480843     
  0.475           0.00484818     
  0.5             0.00488465     
  0.525           0.00491905     
  0.55            0.0049516      
  0.575           0.00498177     
  0.6             0.00501133     
  0.625           0.00503931     
  0.65            0.00506637     
  0.675           0.00509212     
  0.7             0.00511712     
  0.725           0.00514125     
  0.75            0.00516497     
  0.775           0.00518737     
  0.8             0.00520948     
  0.825           0.00523131     
  0.85            0.00525209     
  0.875           0.00527261     
  0.9             0.00529235     
  0.925           0.00531185     
  0.95            0.00533041     
  0.975           0.00534859     
  1               0.0053669      
  1.025           0.0053848      
  1.05            0.00540207     
  1.075           0.00541922     
  1.1             0.00543519     
  1.125           0.00545204     
  1.15            0.00546761     
  1.175           0.00548354     
  1.2             0.00549864     
END_DB

BEGIN_DB
 ICCAP_VAR Vg         0.9            
 ICCAP_VAR Vs         0              
 ICCAP_VAR Vb         0              

 #Vd              Id             
  0               3.77674e-006   
  0.025           0.00091823     
  0.05            0.00176858     
  0.075           0.00255522     
  0.1             0.00327546     
  0.125           0.0039286      
  0.15            0.00451425     
  0.175           0.00503467     
  0.2             0.00548905     
  0.225           0.00588165     
  0.25            0.00621708     
  0.275           0.00650059     
  0.3             0.00673691     
  0.325           0.00693341     
  0.35            0.00709592     
  0.375           0.00723113     
  0.4             0.00734299     
  0.425           0.00743841     
  0.45            0.00752074     
  0.475           0.00759214     
  0.5             0.00765626     
  0.525           0.00771349     
  0.55            0.00776702     
  0.575           0.00781614     
  0.6             0.00786206     
  0.625           0.00790585     
  0.65            0.00794696     
  0.675           0.00798645     
  0.7             0.00802386     
  0.725           0.00806016     
  0.75            0.00809538     
  0.775           0.00812884     
  0.8             0.00816158     
  0.825           0.00819316     
  0.85            0.0082238      
  0.875           0.00825313     
  0.9             0.00828186     
  0.925           0.00831033     
  0.95            0.00833774     
  0.975           0.00836401     
  1               0.00839002     
  1.025           0.00841563     
  1.05            0.00844016     
  1.075           0.00846472     
  1.1             0.00848845     
  1.125           0.00851191     
  1.15            0.0085348      
  1.175           0.00855697     
  1.2             0.00857878     
END_DB

BEGIN_DB
 ICCAP_VAR Vg         1              
 ICCAP_VAR Vs         0              
 ICCAP_VAR Vb         0              

 #Vd              Id             
  0               7.1777e-006    
  0.025           0.00111104     
  0.05            0.0021596      
  0.075           0.00314837     
  0.1             0.00407468     
  0.125           0.00493541     
  0.15            0.00572929     
  0.175           0.0064568      
  0.2             0.00711404     
  0.225           0.00770398     
  0.25            0.00822771     
  0.275           0.0086889      
  0.3             0.00909016     
  0.325           0.00943532     
  0.35            0.00973078     
  0.375           0.00998195     
  0.4             0.0101939      
  0.425           0.0103733      
  0.45            0.0105243      
  0.475           0.0106532      
  0.5             0.0107647      
  0.525           0.0108614      
  0.55            0.0109478      
  0.575           0.0110243      
  0.6             0.0110944      
  0.625           0.0111594      
  0.65            0.0112195      
  0.675           0.011276       
  0.7             0.011328       
  0.725           0.0113783      
  0.75            0.0114239      
  0.775           0.0114692      
  0.8             0.0115133      
  0.825           0.0115562      
  0.85            0.0115967      
  0.875           0.0116358      
  0.9             0.0116744      
  0.925           0.0117116      
  0.95            0.0117473      
  0.975           0.0117819      
  1               0.011816       
  1.025           0.0118492      
  1.05            0.0118815      
  1.075           0.0119127      
  1.1             0.0119433      
  1.125           0.0119735      
  1.15            0.012003       
  1.175           0.0120316      
  1.2             0.0120592      
END_DB

BEGIN_DB
 ICCAP_VAR Vg         1.1            
 ICCAP_VAR Vs         0              
 ICCAP_VAR Vb         0              

 #Vd              Id             
  0               4.22254e-006   
  0.025           0.00127866     
  0.05            0.00249983     
  0.075           0.00366762     
  0.1             0.00477791     
  0.125           0.00582715     
  0.15            0.00681197     
  0.175           0.00773366     
  0.2             0.00858452     
  0.225           0.0093667      
  0.25            0.010081       
  0.275           0.0107281      
  0.3             0.0113091      
  0.325           0.0118237      
  0.35            0.012281       
  0.375           0.0126816      
  0.4             0.013029       
  0.425           0.0133294      
  0.45            0.0135874      
  0.475           0.0138077      
  0.5             0.0139973      
  0.525           0.0141603      
  0.55            0.0143017      
  0.575           0.0144241      
  0.6             0.0145326      
  0.625           0.0146291      
  0.65            0.0147164      
  0.675           0.0147965      
  0.7             0.0148689      
  0.725           0.0149377      
  0.75            0.0150014      
  0.775           0.0150617      
  0.8             0.0151186      
  0.825           0.0151731      
  0.85            0.0152261      
  0.875           0.0152765      
  0.9             0.0153239      
  0.925           0.0153706      
  0.95            0.0154152      
  0.975           0.0154581      
  1               0.0154999      
  1.025           0.0155405      
  1.05            0.0155798      
  1.075           0.0156179      
  1.1             0.0156552      
  1.125           0.0156915      
  1.15            0.0157261      
  1.175           0.0157603      
  1.2             0.015794       
END_DB

BEGIN_DB
 ICCAP_VAR Vg         1.2            
 ICCAP_VAR Vs         0              
 ICCAP_VAR Vb         0              

 #Vd              Id             
  0               9.2241e-006    
  0.025           0.00142056     
  0.05            0.00278908     
  0.075           0.0041108      
  0.1             0.00538009     
  0.125           0.006593       
  0.15            0.00774648     
  0.175           0.00884101     
  0.2             0.00986715     
  0.225           0.010827       
  0.25            0.0117182      
  0.275           0.0125427      
  0.3             0.0132999      
  0.325           0.01399        
  0.35            0.0146157      
  0.375           0.01518        
  0.4             0.015682       
  0.425           0.0161268      
  0.45            0.0165193      
  0.475           0.0168632      
  0.5             0.0171611      
  0.525           0.0174206      
  0.55            0.0176461      
  0.575           0.0178414      
  0.6             0.0180115      
  0.625           0.0181598      
  0.65            0.0182898      
  0.675           0.0184069      
  0.7             0.0185111      
  0.725           0.0186058      
  0.75            0.0186923      
  0.775           0.0187719      
  0.8             0.0188472      
  0.825           0.0189171      
  0.85            0.0189831      
  0.875           0.0190454      
  0.9             0.0191043      
  0.925           0.0191604      
  0.95            0.0192145      
  0.975           0.0192664      
  1               0.0193166      
  1.025           0.0193644      
  1.05            0.0194109      
  1.075           0.0194556      
  1.1             0.0194998      
  1.125           0.0195415      
  1.15            0.0195821      
  1.175           0.0196215      
  1.2             0.0196599      
END_DB

