! VERSION = 6.00
BEGIN_HEADER
 ICCAP_INPUTS
  Vg         V  G GROUND gate 0.1 LIN        2    0          1.2        13   0.1       
  Vd         V  D GROUND drain 0.1 LIN        1    0          1.2        49   0.025     
  Vs         V  S GROUND source 0.1 CON        0
  Vb         V  B GROUND bulk 0.1 CON        0
 ICCAP_OUTPUTS
  Id         I  D GROUND drain B
END_HEADER

BEGIN_DB
 ICCAP_VAR Vg         0              
 ICCAP_VAR Vs         0              
 ICCAP_VAR Vb         0              

 #Vd              Id             
  0               6.864e-009     
  0.025           -6.481e-009    
  0.05            -1.74e-009     
  0.075           2.633e-009     
  0.1             1.173e-009     
  0.125           -1.677e-009    
  0.15            2.924e-009     
  0.175           6.198e-009     
  0.2             3.01e-009      
  0.225           -1.069e-009    
  0.25            -4.571e-009    
  0.275           -1.989e-009    
  0.3             2.261e-009     
  0.325           6.216e-009     
  0.35            -6.991e-009    
  0.375           -2.386e-009    
  0.4             2.214e-009     
  0.425           2.992e-009     
  0.45            -9.06e-010     
  0.475           1.371e-009     
  0.5             4.4e-011       
  0.525           -2.58e-010     
  0.55            1.257e-009     
  0.575           -1.31e-010     
  0.6             1.63e-009      
  0.625           9.54e-010      
  0.65            3.591e-009     
  0.675           -2.604e-009    
  0.7             1.927e-009     
  0.725           3.2781e-009    
  0.75            3.48e-009      
  0.775           -1.58e-009     
  0.8             2.45e-009      
  0.825           -4.13e-010     
  0.85            -2.086e-009    
  0.875           2.764e-009     
  0.9             -1.68e-010     
  0.925           -2.5926e-009   
  0.95            -1.539e-009    
  0.975           3.404e-009     
  1               3.378e-009     
  1.025           2.833e-009     
  1.05            8.91e-010      
  1.075           7.6e-011       
  1.1             6.116e-009     
  1.125           3.719e-009     
  1.15            9.07e-010      
  1.175           -2.86e-010     
  1.2             1.673e-009     
END_DB

BEGIN_DB
 ICCAP_VAR Vg         0.1            
 ICCAP_VAR Vs         0              
 ICCAP_VAR Vb         0              

 #Vd              Id             
  0               2.713e-009     
  0.025           5.277e-009     
  0.05            6.816e-009     
  0.075           5.449e-009     
  0.1             9.131e-009     
  0.125           5.188e-009     
  0.15            2.622e-009     
  0.175           8.864e-009     
  0.2             6.798e-009     
  0.225           7.802e-009     
  0.25            4.683e-009     
  0.275           4.35e-010      
  0.3             4.984e-009     
  0.325           9.946e-009     
  0.35            1.3949e-008    
  0.375           1.0962e-008    
  0.4             6.721e-009     
  0.425           5.01e-009      
  0.45            9.969e-009     
  0.475           6.593e-009     
  0.5             8.454e-009     
  0.525           7.249e-009     
  0.55            1.773e-009     
  0.575           1.4107e-008    
  0.6             2.515e-009     
  0.625           6.91e-009      
  0.65            1.051e-008     
  0.675           1.0097e-008    
  0.7             7.788e-009     
  0.725           7.56e-009      
  0.75            7.765e-009     
  0.775           5.234e-009     
  0.8             7.147e-009     
  0.825           1.1666e-008    
  0.85            8.317e-009     
  0.875           9.285e-009     
  0.9             1.0947e-008    
  0.925           8.061e-009     
  0.95            7.455e-009     
  0.975           1.2442e-008    
  1               9.274e-009     
  1.025           9.14e-009      
  1.05            8.869e-009     
  1.075           9.398e-009     
  1.1             1.1742e-008    
  1.125           1.30932e-008   
  1.15            1.2844e-008    
  1.175           1.1065e-008    
  1.2             9.549e-009     
END_DB

BEGIN_DB
 ICCAP_VAR Vg         0.2            
 ICCAP_VAR Vs         0              
 ICCAP_VAR Vb         0              

 #Vd              Id             
  0               -8.72e-010     
  0.025           8.1953e-008    
  0.05            1.18134e-007   
  0.075           1.22481e-007   
  0.1             1.44431e-007   
  0.125           1.50892e-007   
  0.15            1.53558e-007   
  0.175           1.55708e-007   
  0.2             1.52204e-007   
  0.225           1.6333e-007    
  0.25            1.66355e-007   
  0.275           1.68498e-007   
  0.3             1.70136e-007   
  0.325           1.47478e-007   
  0.35            1.74073e-007   
  0.375           1.80333e-007   
  0.4             1.82089e-007   
  0.425           1.82407e-007   
  0.45            1.75268e-007   
  0.475           1.84491e-007   
  0.5             1.78956e-007   
  0.525           1.99902e-007   
  0.55            1.9279e-007    
  0.575           1.94672e-007   
  0.6             1.99001e-007   
  0.625           2.00895e-007   
  0.65            2.00875e-007   
  0.675           2.06504e-007   
  0.7             2.02693e-007   
  0.725           1.95761e-007   
  0.75            2.07811e-007   
  0.775           2.12628e-007   
  0.8             2.1165e-007    
  0.825           2.1305e-007    
  0.85            2.1453e-007    
  0.875           2.17567e-007   
  0.9             2.1821e-007    
  0.925           2.19472e-007   
  0.95            2.24137e-007   
  0.975           2.22719e-007   
  1               2.25082e-007   
  1.025           2.2623e-007    
  1.05            2.31065e-007   
  1.075           2.28878e-007   
  1.1             2.31322e-007   
  1.125           2.3225e-007    
  1.15            2.32747e-007   
  1.175           2.36771e-007   
  1.2             2.3689e-007    
END_DB

BEGIN_DB
 ICCAP_VAR Vg         0.3            
 ICCAP_VAR Vs         0              
 ICCAP_VAR Vb         0              

 #Vd              Id             
  0               1.37925e-008   
  0.025           1.68216e-006   
  0.05            2.42819e-006   
  0.075           2.7797e-006    
  0.1             2.96645e-006   
  0.125           3.08551e-006   
  0.15            3.1753e-006    
  0.175           3.25191e-006   
  0.2             3.3195e-006    
  0.225           3.38495e-006   
  0.25            3.44782e-006   
  0.275           3.50635e-006   
  0.3             3.56466e-006   
  0.325           3.61808e-006   
  0.35            3.67275e-006   
  0.375           3.72484e-006   
  0.4             3.77514e-006   
  0.425           3.82306e-006   
  0.45            3.87069e-006   
  0.475           3.91951e-006   
  0.5             3.96333e-006   
  0.525           4.00627e-006   
  0.55            4.05135e-006   
  0.575           4.0935e-006    
  0.6             4.13709e-006   
  0.625           4.17442e-006   
  0.65            4.2155e-006    
  0.675           4.25318e-006   
  0.7             4.2919e-006    
  0.725           4.33045e-006   
  0.75            4.36666e-006   
  0.775           4.40231e-006   
  0.8             4.43772e-006   
  0.825           4.47375e-006   
  0.85            4.5078e-006    
  0.875           4.54201e-006   
  0.9             4.57503e-006   
  0.925           4.60705e-006   
  0.95            4.64105e-006   
  0.975           4.67407e-006   
  1               4.70423e-006   
  1.025           4.73544e-006   
  1.05            4.76382e-006   
  1.075           4.79791e-006   
  1.1             4.82728e-006   
  1.125           4.85464e-006   
  1.15            4.88529e-006   
  1.175           4.91242e-006   
  1.2             4.94081e-006   
END_DB

BEGIN_DB
 ICCAP_VAR Vg         0.4            
 ICCAP_VAR Vs         0              
 ICCAP_VAR Vb         0              

 #Vd              Id             
  0               1.64865e-007   
  0.025           2.07898e-005   
  0.05            3.18198e-005   
  0.075           3.77118e-005   
  0.1             4.10261e-005   
  0.125           4.30971e-005   
  0.15            4.45535e-005   
  0.175           4.57466e-005   
  0.2             4.6774e-005    
  0.225           4.76898e-005   
  0.25            4.8549e-005    
  0.275           4.93688e-005   
  0.3             5.01534e-005   
  0.325           5.08986e-005   
  0.35            5.16311e-005   
  0.375           5.23093e-005   
  0.4             5.2976e-005    
  0.425           5.36233e-005   
  0.45            5.42541e-005   
  0.475           5.48657e-005   
  0.5             5.54508e-005   
  0.525           5.60268e-005   
  0.55            5.66194e-005   
  0.575           5.7141e-005    
  0.6             5.76628e-005   
  0.625           5.81838e-005   
  0.65            5.87173e-005   
  0.675           5.91973e-005   
  0.7             5.96952e-005   
  0.725           6.02024e-005   
  0.75            6.06247e-005   
  0.775           6.10923e-005   
  0.8             6.15245e-005   
  0.825           6.19941e-005   
  0.85            6.24233e-005   
  0.875           6.28537e-005   
  0.9             6.32814e-005   
  0.925           6.36609e-005   
  0.95            6.40844e-005   
  0.975           6.44685e-005   
  1               6.48598e-005   
  1.025           6.52446e-005   
  1.05            6.56241e-005   
  1.075           6.59938e-005   
  1.1             6.63747e-005   
  1.125           6.67647e-005   
  1.15            6.71383e-005   
  1.175           6.74742e-005   
  1.2             6.78201e-005   
END_DB

BEGIN_DB
 ICCAP_VAR Vg         0.5            
 ICCAP_VAR Vs         0              
 ICCAP_VAR Vb         0              

 #Vd              Id             
  0               8.8733e-007    
  0.025           0.000115908    
  0.05            0.000192987    
  0.075           0.00024292     
  0.1             0.000274896    
  0.125           0.000295641    
  0.15            0.000309756    
  0.175           0.000320204    
  0.2             0.000328388    
  0.225           0.00033543     
  0.25            0.000341569    
  0.275           0.000347279    
  0.3             0.000352546    
  0.325           0.000357255    
  0.35            0.00036208     
  0.375           0.000366582    
  0.4             0.000370915    
  0.425           0.000375095    
  0.45            0.000379133    
  0.475           0.000383127    
  0.5             0.000386932    
  0.525           0.000390585    
  0.55            0.000394133    
  0.575           0.000397568    
  0.6             0.000400906    
  0.625           0.000404247    
  0.65            0.000407422    
  0.675           0.000410564    
  0.7             0.000413712    
  0.725           0.000416704    
  0.75            0.000419584    
  0.775           0.000422516    
  0.8             0.00042526     
  0.825           0.000428009    
  0.85            0.00043078     
  0.875           0.000433448    
  0.9             0.000436097    
  0.925           0.000438452    
  0.95            0.000440885    
  0.975           0.000443409    
  1               0.000445828    
  1.025           0.000448251    
  1.05            0.00045061     
  1.075           0.000452895    
  1.1             0.000455116    
  1.125           0.000457381    
  1.15            0.000459669    
  1.175           0.000461961    
  1.2             0.000464104    
END_DB

BEGIN_DB
 ICCAP_VAR Vg         0.6            
 ICCAP_VAR Vs         0              
 ICCAP_VAR Vb         0              

 #Vd              Id             
  0               2.2875e-006    
  0.025           0.000324071    
  0.05            0.000577368    
  0.075           0.000771178    
  0.1             0.000915499    
  0.125           0.00102107     
  0.15            0.00109752     
  0.175           0.00115391     
  0.2             0.00119589     
  0.225           0.00122875     
  0.25            0.00125584     
  0.275           0.00127883     
  0.3             0.00129913     
  0.325           0.0013179      
  0.35            0.00133481     
  0.375           0.00135117     
  0.4             0.00136636     
  0.425           0.00138104     
  0.45            0.00139482     
  0.475           0.00140836     
  0.5             0.00142119     
  0.525           0.00143352     
  0.55            0.00144581     
  0.575           0.00145757     
  0.6             0.00146895     
  0.625           0.00148007     
  0.65            0.00149085     
  0.675           0.00150149     
  0.7             0.00151157     
  0.725           0.00152191     
  0.75            0.00153141     
  0.775           0.00154119     
  0.8             0.00155099     
  0.825           0.00155995     
  0.85            0.00156881     
  0.875           0.00157802     
  0.9             0.00158641     
  0.925           0.00159472     
  0.95            0.00160363     
  0.975           0.00161184     
  1               0.00161971     
  1.025           0.00162791     
  1.05            0.00163564     
  1.075           0.00164326     
  1.1             0.001651       
  1.125           0.00165847     
  1.15            0.00166591     
  1.175           0.00167309     
  1.2             0.00168047     
END_DB

BEGIN_DB
 ICCAP_VAR Vg         0.7            
 ICCAP_VAR Vs         0              
 ICCAP_VAR Vb         0              

 #Vd              Id             
  0               2.63911e-006   
  0.025           0.000602479    
  0.05            0.00111764     
  0.075           0.00155331     
  0.1             0.00191418     
  0.125           0.00220708     
  0.15            0.00244        
  0.175           0.00262449     
  0.2             0.00276767     
  0.225           0.00287942     
  0.25            0.00296799     
  0.275           0.0030394      
  0.3             0.00309898     
  0.325           0.00315003     
  0.35            0.00319449     
  0.375           0.00323505     
  0.4             0.00327204     
  0.425           0.00330643     
  0.45            0.00333902     
  0.475           0.00336914     
  0.5             0.00339895     
  0.525           0.00342731     
  0.55            0.00345398     
  0.575           0.00348004     
  0.6             0.00350552     
  0.625           0.00353018     
  0.65            0.00355399     
  0.675           0.00357706     
  0.7             0.00359985     
  0.725           0.00362145     
  0.75            0.00364282     
  0.775           0.0036634      
  0.8             0.00368391     
  0.825           0.00370411     
  0.85            0.00372393     
  0.875           0.00374295     
  0.9             0.0037619      
  0.925           0.00378025     
  0.95            0.00379849     
  0.975           0.00381601     
  1               0.00383345     
  1.025           0.00385069     
  1.05            0.00386759     
  1.075           0.00388417     
  1.1             0.00390046     
  1.125           0.0039166      
  1.15            0.00393226     
  1.175           0.00394792     
  1.2             0.0039633      
END_DB

BEGIN_DB
 ICCAP_VAR Vg         0.8            
 ICCAP_VAR Vs         0              
 ICCAP_VAR Vb         0              

 #Vd              Id             
  0               2.79489e-006   
  0.025           0.000896671    
  0.05            0.00170289     
  0.075           0.00242284     
  0.1             0.00305661     
  0.125           0.00360664     
  0.15            0.00407626     
  0.175           0.00447266     
  0.2             0.00480146     
  0.225           0.0050712      
  0.25            0.00529062     
  0.275           0.00546959     
  0.3             0.00561556     
  0.325           0.00573653     
  0.35            0.00583787     
  0.375           0.00592518     
  0.4             0.00600122     
  0.425           0.0060687      
  0.45            0.00613051     
  0.475           0.00618772     
  0.5             0.00624093     
  0.525           0.00629058     
  0.55            0.00633885     
  0.575           0.00638426     
  0.6             0.00642769     
  0.625           0.00646906     
  0.65            0.00650995     
  0.675           0.00654929     
  0.7             0.00658698     
  0.725           0.00662378     
  0.75            0.00665953     
  0.775           0.00669459     
  0.8             0.00672901     
  0.825           0.00676145     
  0.85            0.00679411     
  0.875           0.00682563     
  0.9             0.00685653     
  0.925           0.00688657     
  0.95            0.00691618     
  0.975           0.00694475     
  1               0.00697365     
  1.025           0.00700174     
  1.05            0.00702889     
  1.075           0.00705569     
  1.1             0.00708174     
  1.125           0.00710771     
  1.15            0.00713329     
  1.175           0.00715857     
  1.2             0.00718328     
END_DB

BEGIN_DB
 ICCAP_VAR Vg         0.9            
 ICCAP_VAR Vs         0              
 ICCAP_VAR Vb         0              

 #Vd              Id             
  0               7.8929e-006    
  0.025           0.00117455     
  0.05            0.00226217     
  0.075           0.00326547     
  0.1             0.00418086     
  0.125           0.00500753     
  0.15            0.00574446     
  0.175           0.00639613     
  0.2             0.00696205     
  0.225           0.00744973     
  0.25            0.00786508     
  0.275           0.00821541     
  0.3             0.00850972     
  0.325           0.00875589     
  0.35            0.00896154     
  0.375           0.0091351      
  0.4             0.00928188     
  0.425           0.00940814     
  0.45            0.00951842     
  0.475           0.00961669     
  0.5             0.00970486     
  0.525           0.00978557     
  0.55            0.00986081     
  0.575           0.00993046     
  0.6             0.0099972      
  0.625           0.0100599      
  0.65            0.01012        
  0.675           0.0101769      
  0.7             0.0102318      
  0.725           0.0102851      
  0.75            0.0103365      
  0.775           0.0103866      
  0.8             0.0104344      
  0.825           0.010481       
  0.85            0.0105262      
  0.875           0.010571       
  0.9             0.010615       
  0.925           0.0106571      
  0.95            0.0106977      
  0.975           0.0107383      
  1               0.0107772      
  1.025           0.0108167      
  1.05            0.0108546      
  1.075           0.0108909      
  1.1             0.0109275      
  1.125           0.0109635      
  1.15            0.0109978      
  1.175           0.0110322      
  1.2             0.0110662      
END_DB

BEGIN_DB
 ICCAP_VAR Vg         1              
 ICCAP_VAR Vs         0              
 ICCAP_VAR Vb         0              

 #Vd              Id             
  0               3.16348e-006   
  0.025           0.00142171     
  0.05            0.00276259     
  0.075           0.0040254      
  0.1             0.00520422     
  0.125           0.00629464     
  0.15            0.00729539     
  0.175           0.0082064      
  0.2             0.0090241      
  0.225           0.00975292     
  0.25            0.0103957      
  0.275           0.0109593      
  0.3             0.0114441      
  0.325           0.0118651      
  0.35            0.0122249      
  0.375           0.0125323      
  0.4             0.0127936      
  0.425           0.0130156      
  0.45            0.013207       
  0.475           0.0133724      
  0.5             0.0135171      
  0.525           0.0136454      
  0.55            0.0137601      
  0.575           0.0138653      
  0.6             0.0139607      
  0.625           0.0140507      
  0.65            0.0141342      
  0.675           0.0142129      
  0.7             0.0142876      
  0.725           0.0143591      
  0.75            0.0144278      
  0.775           0.0144926      
  0.8             0.0145555      
  0.825           0.0146166      
  0.85            0.0146759      
  0.875           0.0147328      
  0.9             0.0147881      
  0.925           0.0148413      
  0.95            0.0148937      
  0.975           0.0149449      
  1               0.0149951      
  1.025           0.0150427      
  1.05            0.01509        
  1.075           0.0151361      
  1.1             0.0151816      
  1.125           0.0152254      
  1.15            0.0152687      
  1.175           0.0153114      
  1.2             0.0153534      
END_DB

BEGIN_DB
 ICCAP_VAR Vg         1.1            
 ICCAP_VAR Vs         0              
 ICCAP_VAR Vb         0              

 #Vd              Id             
  0               4.46365e-006   
  0.025           0.00163433     
  0.05            0.0031955      
  0.075           0.00468618     
  0.1             0.00609804     
  0.125           0.00742658     
  0.15            0.00866819     
  0.175           0.00982228     
  0.2             0.0108803      
  0.225           0.0118445      
  0.25            0.0127203      
  0.275           0.0135079      
  0.3             0.0142098      
  0.325           0.014831       
  0.35            0.0153768      
  0.375           0.0158552      
  0.4             0.0162698      
  0.425           0.0166276      
  0.45            0.0169377      
  0.475           0.0172052      
  0.5             0.0174372      
  0.525           0.0176387      
  0.55            0.017816       
  0.575           0.017973       
  0.6             0.0181138      
  0.625           0.0182407      
  0.65            0.0183574      
  0.675           0.0184643      
  0.7             0.0185634      
  0.725           0.0186571      
  0.75            0.0187458      
  0.775           0.0188289      
  0.8             0.0189085      
  0.825           0.0189843      
  0.85            0.0190564      
  0.875           0.0191273      
  0.9             0.0191956      
  0.925           0.0192613      
  0.95            0.0193238      
  0.975           0.0193844      
  1               0.0194447      
  1.025           0.0195021      
  1.05            0.0195573      
  1.075           0.0196123      
  1.1             0.0196653      
  1.125           0.019718       
  1.15            0.0197691      
  1.175           0.0198184      
  1.2             0.0198662      
END_DB

BEGIN_DB
 ICCAP_VAR Vg         1.2            
 ICCAP_VAR Vs         0              
 ICCAP_VAR Vb         0              

 #Vd              Id             
  0               1.014e-005     
  0.025           0.00181371     
  0.05            0.00356126     
  0.075           0.0052458      
  0.1             0.00685875     
  0.125           0.00839518     
  0.15            0.00984822     
  0.175           0.0112186      
  0.2             0.0124937      
  0.225           0.0136795      
  0.25            0.0147744      
  0.275           0.0157783      
  0.3             0.0166919      
  0.325           0.0175189      
  0.35            0.0182636      
  0.375           0.0189314      
  0.4             0.0195218      
  0.425           0.020043       
  0.45            0.0205018      
  0.475           0.0209035      
  0.5             0.0212547      
  0.525           0.0215617      
  0.55            0.0218293      
  0.575           0.0220639      
  0.6             0.0222721      
  0.625           0.022456       
  0.65            0.0226207      
  0.675           0.0227686      
  0.7             0.0229045      
  0.725           0.0230272      
  0.75            0.023142       
  0.775           0.0232486      
  0.8             0.023349       
  0.825           0.0234436      
  0.85            0.0235326      
  0.875           0.0236178      
  0.9             0.0236993      
  0.925           0.0237773      
  0.95            0.0238515      
  0.975           0.0239224      
  1               0.0239926      
  1.025           0.0240592      
  1.05            0.0241243      
  1.075           0.024188       
  1.1             0.0242484      
  1.125           0.024308       
  1.15            0.024365       
  1.175           0.0244211      
  1.2             0.0244757      
END_DB

