! VERSION = 6.00
BEGIN_HEADER
 ICCAP_INPUTS
  Vg         V  G GROUND gate 0.1 LIN        2    0          1.2        13   0.1       
  Vd         V  D GROUND drain 0.1 LIN        1    0          1.2        49   0.025     
  Vs         V  S GROUND source 0.1 CON        0
  Vb         V  B GROUND bulk 0.1 CON        0
 ICCAP_OUTPUTS
  Id         I  D GROUND drain B
END_HEADER

BEGIN_DB
 ICCAP_VAR Vg         0              
 ICCAP_VAR Vs         0              
 ICCAP_VAR Vb         0              

 #Vd              Id             
  0               2.379e-009     
  0.025           -2.9e-010      
  0.05            2.517e-009     
  0.075           2.278e-009     
  0.1             3.9192e-009    
  0.125           3.005e-009     
  0.15            -1.217e-009    
  0.175           1.861e-009     
  0.2             3.5201e-009    
  0.225           3.401e-009     
  0.25            2.971e-009     
  0.275           -8.59e-010     
  0.3             -2.8785e-009   
  0.325           -7.4e-010      
  0.35            -3.834e-009    
  0.375           -2.025e-009    
  0.4             2.68e-009      
  0.425           2.148e-009     
  0.45            4.2089e-009    
  0.475           -1.485e-009    
  0.5             3.746e-009     
  0.525           -3.17e-010     
  0.55            -5.235e-009    
  0.575           -1.156e-009    
  0.6             2.526e-009     
  0.625           6.885e-009     
  0.65            1.421e-009     
  0.675           2.899e-009     
  0.7             8.25e-010      
  0.725           1.723e-009     
  0.75            -9.53e-010     
  0.775           4.079e-009     
  0.8             -2.71e-010     
  0.825           -9.55e-010     
  0.85            2.472e-009     
  0.875           3.8242e-009    
  0.9             4.132e-009     
  0.925           -9.84e-010     
  0.95            3.634e-009     
  0.975           6.99e-009      
  1               3.868e-009     
  1.025           5.5e-010       
  1.05            2.427e-009     
  1.075           2.357e-009     
  1.1             1.51e-010      
  1.125           7.93e-010      
  1.15            2.084e-009     
  1.175           -3.61e-010     
  1.2             4.424e-009     
END_DB

BEGIN_DB
 ICCAP_VAR Vg         0.1            
 ICCAP_VAR Vs         0              
 ICCAP_VAR Vb         0              

 #Vd              Id             
  0               -3.6e-010      
  0.025           8.96e-009      
  0.05            8.971e-009     
  0.075           6.001e-009     
  0.1             8.03e-010      
  0.125           7.491e-009     
  0.15            8.273e-009     
  0.175           1.0644e-008    
  0.2             8.443e-009     
  0.225           9.659e-009     
  0.25            1.1849e-008    
  0.275           9.433e-009     
  0.3             6.909e-009     
  0.325           9.398e-009     
  0.35            1.3642e-008    
  0.375           1.6987e-008    
  0.4             7.106e-009     
  0.425           1.958e-008     
  0.45            1.6798e-008    
  0.475           1.6233e-008    
  0.5             1.4356e-008    
  0.525           1.5524e-008    
  0.55            1.4132e-008    
  0.575           1.9192e-008    
  0.6             1.8599e-008    
  0.625           1.7627e-008    
  0.65            2.0424e-008    
  0.675           1.703e-008     
  0.7             1.3569e-008    
  0.725           1.7523e-008    
  0.75            1.905e-008     
  0.775           2.2516e-008    
  0.8             2.1531e-008    
  0.825           2.1003e-008    
  0.85            2.4334e-008    
  0.875           2.3916e-008    
  0.9             2.5396e-008    
  0.925           2.3122e-008    
  0.95            1.9961e-008    
  0.975           2.5137e-008    
  1               2.9149e-008    
  1.025           3.1432e-008    
  1.05            3.2273e-008    
  1.075           2.9169e-008    
  1.1             2.565e-008     
  1.125           3.1073e-008    
  1.15            3.2507e-008    
  1.175           3.3055e-008    
  1.2             3.7108e-008    
END_DB

BEGIN_DB
 ICCAP_VAR Vg         0.2            
 ICCAP_VAR Vs         0              
 ICCAP_VAR Vb         0              

 #Vd              Id             
  0               -6.69e-010     
  0.025           7.9354e-008    
  0.05            1.14646e-007   
  0.075           1.40513e-007   
  0.1             1.51365e-007   
  0.125           1.53577e-007   
  0.15            1.67795e-007   
  0.175           1.71067e-007   
  0.2             1.86331e-007   
  0.225           1.9278e-007    
  0.25            1.74489e-007   
  0.275           2.0875e-007    
  0.3             2.16281e-007   
  0.325           2.28205e-007   
  0.35            2.33473e-007   
  0.375           2.46152e-007   
  0.4             2.53944e-007   
  0.425           2.61019e-007   
  0.45            2.73086e-007   
  0.475           2.81128e-007   
  0.5             2.93637e-007   
  0.525           2.99194e-007   
  0.55            3.13267e-007   
  0.575           3.22313e-007   
  0.6             3.333e-007     
  0.625           3.44896e-007   
  0.65            3.54969e-007   
  0.675           3.69865e-007   
  0.7             3.77133e-007   
  0.725           3.92163e-007   
  0.75            4.0354e-007    
  0.775           4.18045e-007   
  0.8             4.28462e-007   
  0.825           4.42097e-007   
  0.85            4.56985e-007   
  0.875           4.68749e-007   
  0.9             4.87976e-007   
  0.925           4.97289e-007   
  0.95            5.15012e-007   
  0.975           5.30059e-007   
  1               5.4293e-007    
  1.025           5.63682e-007   
  1.05            5.76884e-007   
  1.075           5.9171e-007    
  1.1             6.1059e-007    
  1.125           6.27961e-007   
  1.15            6.4575e-007    
  1.175           6.65084e-007   
  1.2             6.81813e-007   
END_DB

BEGIN_DB
 ICCAP_VAR Vg         0.3            
 ICCAP_VAR Vs         0              
 ICCAP_VAR Vb         0              

 #Vd              Id             
  0               1.09172e-008   
  0.025           1.44975e-006   
  0.05            2.13266e-006   
  0.075           2.49412e-006   
  0.1             2.72522e-006   
  0.125           2.90269e-006   
  0.15            3.05765e-006   
  0.175           3.20524e-006   
  0.2             3.3508e-006    
  0.225           3.49675e-006   
  0.25            3.64485e-006   
  0.275           3.79393e-006   
  0.3             3.94354e-006   
  0.325           4.09651e-006   
  0.35            4.25236e-006   
  0.375           4.41183e-006   
  0.4             4.57343e-006   
  0.425           4.73698e-006   
  0.45            4.90563e-006   
  0.475           5.07457e-006   
  0.5             5.25216e-006   
  0.525           5.42774e-006   
  0.55            5.60812e-006   
  0.575           5.79105e-006   
  0.6             5.97882e-006   
  0.625           6.17258e-006   
  0.65            6.36362e-006   
  0.675           6.56676e-006   
  0.7             6.76989e-006   
  0.725           6.97451e-006   
  0.75            7.18603e-006   
  0.775           7.40048e-006   
  0.8             7.61665e-006   
  0.825           7.83548e-006   
  0.85            8.0619e-006    
  0.875           8.29477e-006   
  0.9             8.52877e-006   
  0.925           8.76909e-006   
  0.95            9.01348e-006   
  0.975           9.26139e-006   
  1               9.51557e-006   
  1.025           9.77285e-006   
  1.05            1.00392e-005   
  1.075           1.03079e-005   
  1.1             1.05828e-005   
  1.125           1.08613e-005   
  1.15            1.11463e-005   
  1.175           1.14322e-005   
  1.2             1.17204e-005   
END_DB

BEGIN_DB
 ICCAP_VAR Vg         0.4            
 ICCAP_VAR Vs         0              
 ICCAP_VAR Vb         0              

 #Vd              Id             
  0               1.42327e-007   
  0.025           1.83524e-005   
  0.05            2.81117e-005   
  0.075           3.3681e-005    
  0.1             3.72546e-005   
  0.125           3.99e-005      
  0.15            4.21147e-005   
  0.175           4.4122e-005    
  0.2             4.60613e-005   
  0.225           4.79467e-005   
  0.25            4.98275e-005   
  0.275           5.17001e-005   
  0.3             5.35684e-005   
  0.325           5.54661e-005   
  0.35            5.73465e-005   
  0.375           5.92609e-005   
  0.4             6.11798e-005   
  0.425           6.31051e-005   
  0.45            6.50557e-005   
  0.475           6.7021e-005    
  0.5             6.90184e-005   
  0.525           7.10191e-005   
  0.55            7.30384e-005   
  0.575           7.51028e-005   
  0.6             7.71865e-005   
  0.625           7.92743e-005   
  0.65            8.13721e-005   
  0.675           8.35076e-005   
  0.7             8.56975e-005   
  0.725           8.78714e-005   
  0.75            9.00591e-005   
  0.775           9.22772e-005   
  0.8             9.45713e-005   
  0.825           9.68459e-005   
  0.85            9.91795e-005   
  0.875           0.000101531    
  0.9             0.000103888    
  0.925           0.000106276    
  0.95            0.000108705    
  0.975           0.000111187    
  1               0.000113667    
  1.025           0.000116173    
  1.05            0.000118712    
  1.075           0.000121318    
  1.1             0.000123955    
  1.125           0.000126596    
  1.15            0.00012926     
  1.175           0.000132002    
  1.2             0.000134754    
END_DB

BEGIN_DB
 ICCAP_VAR Vg         0.5            
 ICCAP_VAR Vs         0              
 ICCAP_VAR Vb         0              

 #Vd              Id             
  0               9.7746e-007    
  0.025           0.00012249     
  0.05            0.000201156    
  0.075           0.000252414    
  0.1             0.000286745    
  0.125           0.00031138     
  0.15            0.000330669    
  0.175           0.000346781    
  0.2             0.000361151    
  0.225           0.000374489    
  0.25            0.000387173    
  0.275           0.000399532    
  0.3             0.000411541    
  0.325           0.00042357     
  0.35            0.00043526     
  0.375           0.000446909    
  0.4             0.000458476    
  0.425           0.000470066    
  0.45            0.000481514    
  0.475           0.000492932    
  0.5             0.000504329    
  0.525           0.000515897    
  0.55            0.000527325    
  0.575           0.00053885     
  0.6             0.000550315    
  0.625           0.000561823    
  0.65            0.000573405    
  0.675           0.000585011    
  0.7             0.000596496    
  0.725           0.000608158    
  0.75            0.000619765    
  0.775           0.000631409    
  0.8             0.000643257    
  0.825           0.000655165    
  0.85            0.000667135    
  0.875           0.000678778    
  0.9             0.000690863    
  0.925           0.000702835    
  0.95            0.000714876    
  0.975           0.000727073    
  1               0.000739144    
  1.025           0.000751686    
  1.05            0.000763807    
  1.075           0.000776422    
  1.1             0.000788742    
  1.125           0.000801273    
  1.15            0.000814154    
  1.175           0.000826895    
  1.2             0.000839551    
END_DB

BEGIN_DB
 ICCAP_VAR Vg         0.6            
 ICCAP_VAR Vs         0              
 ICCAP_VAR Vb         0              

 #Vd              Id             
  0               2.8946e-006    
  0.025           0.000406675    
  0.05            0.000714952    
  0.075           0.00094587     
  0.1             0.0011177      
  0.125           0.00124667     
  0.15            0.00134509     
  0.175           0.00142322     
  0.2             0.00148733     
  0.225           0.00154248     
  0.25            0.00159195     
  0.275           0.0016375      
  0.3             0.00167994     
  0.325           0.00172023     
  0.35            0.00175948     
  0.375           0.00179757     
  0.4             0.00183485     
  0.425           0.00187141     
  0.45            0.00190734     
  0.475           0.00194234     
  0.5             0.00197763     
  0.525           0.00201219     
  0.55            0.00204634     
  0.575           0.00208031     
  0.6             0.00211474     
  0.625           0.00214792     
  0.65            0.00218138     
  0.675           0.0022149      
  0.7             0.00224812     
  0.725           0.00228086     
  0.75            0.00231367     
  0.775           0.00234676     
  0.8             0.00237957     
  0.825           0.00241195     
  0.85            0.00244447     
  0.875           0.00247606     
  0.9             0.00250945     
  0.925           0.00254181     
  0.95            0.00257372     
  0.975           0.00260682     
  1               0.00263929     
  1.025           0.00267133     
  1.05            0.0027039      
  1.075           0.00273601     
  1.1             0.00276851     
  1.125           0.0028011      
  1.15            0.00283338     
  1.175           0.00286559     
  1.2             0.00289846     
END_DB

BEGIN_DB
 ICCAP_VAR Vg         0.7            
 ICCAP_VAR Vs         0              
 ICCAP_VAR Vb         0              

 #Vd              Id             
  0               2.50571e-006   
  0.025           0.000835996    
  0.05            0.0015375      
  0.075           0.00211941     
  0.1             0.00259331     
  0.125           0.00297527     
  0.15            0.00328018     
  0.175           0.00352571     
  0.2             0.00372417     
  0.225           0.00388764     
  0.25            0.00402511     
  0.275           0.00414512     
  0.3             0.00425004     
  0.325           0.00434678     
  0.35            0.00443591     
  0.375           0.00452013     
  0.4             0.00460096     
  0.425           0.004677       
  0.45            0.00475183     
  0.475           0.00482347     
  0.5             0.00489486     
  0.525           0.00496344     
  0.55            0.00503138     
  0.575           0.00509827     
  0.6             0.00516336     
  0.625           0.0052291      
  0.65            0.00529291     
  0.675           0.0053561      
  0.7             0.00541881     
  0.725           0.00548047     
  0.75            0.00554175     
  0.775           0.00560246     
  0.8             0.00566243     
  0.825           0.00572288     
  0.85            0.00578209     
  0.875           0.00584214     
  0.9             0.00590064     
  0.925           0.00595824     
  0.95            0.00601625     
  0.975           0.00607449     
  1               0.00613172     
  1.025           0.00618927     
  1.05            0.0062453      
  1.075           0.00630166     
  1.1             0.00635883     
  1.125           0.00641478     
  1.15            0.00647005     
  1.175           0.00652606     
  1.2             0.00658216     
END_DB

BEGIN_DB
 ICCAP_VAR Vg         0.8            
 ICCAP_VAR Vs         0              
 ICCAP_VAR Vb         0              

 #Vd              Id             
  0               7.6655e-006    
  0.025           0.00130518     
  0.05            0.00246765     
  0.075           0.00349051     
  0.1             0.00437671     
  0.125           0.00513278     
  0.15            0.00576998     
  0.175           0.00630339     
  0.2             0.00674559     
  0.225           0.0071122      
  0.25            0.00741911     
  0.275           0.00767832     
  0.3             0.00789986     
  0.325           0.00809275     
  0.35            0.00826483     
  0.375           0.00842118     
  0.4             0.00856373     
  0.425           0.00869703     
  0.45            0.00882071     
  0.475           0.008941       
  0.5             0.0090552      
  0.525           0.00916485     
  0.55            0.00927242     
  0.575           0.00937655     
  0.6             0.00947839     
  0.625           0.00957756     
  0.65            0.00967379     
  0.675           0.00976913     
  0.7             0.00986235     
  0.725           0.00995494     
  0.75            0.0100452      
  0.775           0.0101344      
  0.8             0.0102236      
  0.825           0.0103108      
  0.85            0.0103965      
  0.875           0.0104811      
  0.9             0.0105668      
  0.925           0.0106496      
  0.95            0.0107325      
  0.975           0.0108164      
  1               0.0108964      
  1.025           0.0109762      
  1.05            0.0110575      
  1.075           0.0111369      
  1.1             0.0112165      
  1.125           0.0112942      
  1.15            0.0113704      
  1.175           0.011447       
  1.2             0.0115236      
END_DB

BEGIN_DB
 ICCAP_VAR Vg         0.9            
 ICCAP_VAR Vs         0              
 ICCAP_VAR Vb         0              

 #Vd              Id             
  0               1.05619e-005   
  0.025           0.00174595     
  0.05            0.00335355     
  0.075           0.00482259     
  0.1             0.00614411     
  0.125           0.00731814     
  0.15            0.00834805     
  0.175           0.0092431      
  0.2             0.0100105      
  0.225           0.0106659      
  0.25            0.0112236      
  0.275           0.0116957      
  0.3             0.0121         
  0.325           0.0124484      
  0.35            0.0127493      
  0.375           0.0130155      
  0.4             0.013251       
  0.425           0.0134637      
  0.45            0.0136575      
  0.475           0.0138384      
  0.5             0.0140067      
  0.525           0.0141658      
  0.55            0.0143177      
  0.575           0.0144618      
  0.6             0.0146015      
  0.625           0.0147367      
  0.65            0.0148683      
  0.675           0.0149961      
  0.7             0.0151192      
  0.725           0.0152405      
  0.75            0.0153603      
  0.775           0.0154756      
  0.8             0.0155915      
  0.825           0.0157044      
  0.85            0.0158158      
  0.875           0.0159228      
  0.9             0.0160314      
  0.925           0.0161371      
  0.95            0.016241       
  0.975           0.0163437      
  1               0.0164469      
  1.025           0.0165477      
  1.05            0.0166467      
  1.075           0.0167455      
  1.1             0.0168434      
  1.125           0.0169402      
  1.15            0.0170372      
  1.175           0.0171308      
  1.2             0.0172248      
END_DB

BEGIN_DB
 ICCAP_VAR Vg         1              
 ICCAP_VAR Vs         0              
 ICCAP_VAR Vb         0              

 #Vd              Id             
  0               1.3436e-005    
  0.025           0.00212965     
  0.05            0.0041318      
  0.075           0.00600429     
  0.1             0.00773265     
  0.125           0.00930933     
  0.15            0.0107337      
  0.175           0.0120048      
  0.2             0.0131288      
  0.225           0.0141169      
  0.25            0.0149781      
  0.275           0.0157244      
  0.3             0.0163716      
  0.325           0.0169303      
  0.35            0.0174152      
  0.375           0.0178393      
  0.4             0.0182103      
  0.425           0.0185384      
  0.45            0.01883        
  0.475           0.0190938      
  0.5             0.0193337      
  0.525           0.0195568      
  0.55            0.0197659      
  0.575           0.0199604      
  0.6             0.0201441      
  0.625           0.0203211      
  0.65            0.020489       
  0.675           0.0206496      
  0.7             0.0208062      
  0.725           0.0209564      
  0.75            0.021103       
  0.775           0.0212459      
  0.8             0.0213862      
  0.825           0.0215219      
  0.85            0.0216543      
  0.875           0.0217845      
  0.9             0.0219125      
  0.925           0.0220386      
  0.95            0.0221604      
  0.975           0.0222824      
  1               0.0224018      
  1.025           0.0225217      
  1.05            0.0226372      
  1.075           0.0227521      
  1.1             0.0228655      
  1.125           0.0229784      
  1.15            0.0230876      
  1.175           0.0231976      
  1.2             0.0233041      
END_DB

BEGIN_DB
 ICCAP_VAR Vg         1.1            
 ICCAP_VAR Vs         0              
 ICCAP_VAR Vb         0              

 #Vd              Id             
  0               1.4379e-005    
  0.025           0.00245296     
  0.05            0.00479055     
  0.075           0.00701155     
  0.1             0.00909607     
  0.125           0.0110348      
  0.15            0.0128185      
  0.175           0.0144535      
  0.2             0.0159268      
  0.225           0.0172523      
  0.25            0.0184345      
  0.275           0.0194823      
  0.3             0.0204066      
  0.325           0.0212188      
  0.35            0.0219312      
  0.375           0.0225555      
  0.4             0.0231043      
  0.425           0.0235845      
  0.45            0.0240118      
  0.475           0.0243913      
  0.5             0.0247331      
  0.525           0.0250406      
  0.55            0.0253229      
  0.575           0.0255821      
  0.6             0.0258224      
  0.625           0.0260478      
  0.65            0.026261       
  0.675           0.0264623      
  0.7             0.0266548      
  0.725           0.0268377      
  0.75            0.0270153      
  0.775           0.0271843      
  0.8             0.0273498      
  0.825           0.0275121      
  0.85            0.027667       
  0.875           0.0278185      
  0.9             0.0279647      
  0.925           0.0281096      
  0.95            0.0282488      
  0.975           0.0283897      
  1               0.0285237      
  1.025           0.0286571      
  1.05            0.0287879      
  1.075           0.028916       
  1.1             0.0290405      
  1.125           0.0291659      
  1.15            0.0292865      
  1.175           0.029407       
  1.2             0.0295266      
END_DB

BEGIN_DB
 ICCAP_VAR Vg         1.2            
 ICCAP_VAR Vs         0              
 ICCAP_VAR Vb         0              

 #Vd              Id             
  0               4.51671e-006   
  0.025           0.00271995     
  0.05            0.00533795     
  0.075           0.00785018     
  0.1             0.0102386      
  0.125           0.0124878      
  0.15            0.0145935      
  0.175           0.0165516      
  0.2             0.0183496      
  0.225           0.0199934      
  0.25            0.021487       
  0.275           0.0228353      
  0.3             0.0240445      
  0.325           0.0251287      
  0.35            0.0260915      
  0.375           0.0269491      
  0.4             0.0277059      
  0.425           0.0283774      
  0.45            0.0289732      
  0.475           0.0294998      
  0.5             0.0299722      
  0.525           0.0303928      
  0.55            0.0307741      
  0.575           0.031117       
  0.6             0.0314345      
  0.625           0.0317258      
  0.65            0.0319951      
  0.675           0.0322469      
  0.7             0.0324827      
  0.725           0.0327083      
  0.75            0.0329188      
  0.775           0.0331221      
  0.8             0.0333157      
  0.825           0.0335022      
  0.85            0.033682       
  0.875           0.0338542      
  0.9             0.0340231      
  0.925           0.0341876      
  0.95            0.0343452      
  0.975           0.0344996      
  1               0.0346496      
  1.025           0.0347969      
  1.05            0.0349413      
  1.075           0.0350814      
  1.1             0.03522        
  1.125           0.0353554      
  1.15            0.0354879      
  1.175           0.0356169      
  1.2             0.0357456      
END_DB

