-0.2            -6.6e-011       2.004e-009     
-0.18           -3.76e-010      2.376e-009     
-0.16           -3.35e-010      1.493e-009     
-0.14           -1.32e-010      -6.9e-010      
-0.12           -3.74e-010      3.43e-009      
-0.1            2.907e-009      2.11e-010      
-0.08           6.6e-011        -2.744e-009    
-0.06           4.09e-010       -1.041e-009    
-0.04           -1.377e-009     -3.75e-010     
-0.02           2.71e-010       -2.418e-009    
0               6.48e-010       8.53e-010      
0.02            8.15e-010       2.896e-009     
0.04            1.27e-009       -5.276e-009    
0.06            1.984e-009      -1.455e-009    
0.08            3.205e-009      -1.937e-009    
0.1             5.774e-009      -1.105e-009    
0.12            1.054e-008      4.009e-009     
0.14            1.848e-008      6.732e-009     
0.16            3.3437e-008     1.356e-009     
0.18            6.42885e-008    3.73e-010      
0.2             1.08846e-007    1e-010         
0.22            1.95527e-007    -4.144e-009    
0.24            3.49124e-007    -1.584e-009    
0.26            6.20714e-007    -1.017e-009    
0.28            1.0966e-006     -4.41e-010     
0.3             1.92079e-006    -1.448e-009    
0.32            3.32486e-006    -8.08e-010     
0.34            5.6649e-006     3.392e-009     
0.36            9.48784e-006    6.973e-009     
0.38            1.55635e-005    -7.66e-010     
0.4             2.49718e-005    -2.383e-009    
0.42            3.90134e-005    -1.09e-009     
0.44            5.93168e-005    2.51e-010      
0.46            8.75685e-005    2.893e-009     
0.48            0.000125305     2.018e-009     
0.5             0.00017416      -1.509e-009    
0.52            0.000235135     -6.2e-011      
0.54            0.00030864      3.382e-009     
0.56            0.000394822     2.464e-009     
0.58            0.00049305      -8.45e-010     
0.6             0.000602723     1.917e-009     
0.62            0.000722327     1.774e-009     
0.64            0.000850929     -9.25e-010     
0.66            0.000986504     -9.26e-010     
0.68            0.00112785      -5.19e-010     
0.7             0.0012734       -4.56e-010     
0.72            0.00142162      9e-011         
0.74            0.00157109      1.16e-010      
0.76            0.00172182      2.527e-009     
0.78            0.00187169      1.247e-009     
0.8             0.00202042      2.47e-009      
0.82            0.00216825      -6.257e-009    
0.84            0.00231277      -1.34e-009     
0.86            0.00245431      -8.6e-011      
0.88            0.00259271      1.172e-009     
0.9             0.00272778      4.03e-010      
0.92            0.00285945      3.56e-010      
0.94            0.00298787      1.95e-010      
0.96            0.00311117      3.495e-009     
0.98            0.00323168      2.45e-009      
1               0.00334815      -3.13e-010     
1.02            0.00346001      -1.066e-009    
1.04            0.00356907      5.001e-009     
1.06            0.00367441      3.124e-009     
1.08            0.00377381      8.5e-010       
1.1             0.0038707       6.4e-011       
1.12            0.00396469      2.603e-009     
1.14            0.0040546       -9.02e-010     
1.16            0.00414159      1.49e-009      
1.18            0.00422487      -3.76e-010     
1.2             0.00430582      3.909e-009     
