-0.2            -2.76e-010      -9.32e-010     
-0.18           3e-011          -1.258e-009    
-0.16           -2.18e-010      -1.905e-009    
-0.14           -2.12e-010      -7.64e-010     
-0.12           5.07e-010       4.533e-009     
-0.1            -5.755e-009     1.71e-009      
-0.08           -3.12e-010      -2.181e-009    
-0.06           3e-012          -1.35e-010     
-0.04           -4.615e-009     2.129e-009     
-0.02           1.392e-009      -2.091e-009    
0               1.425e-009      3.0782e-009    
0.02            3.274e-009      -2.092e-009    
0.04            6.271e-009      -7.541e-009    
0.06            1.0655e-008     -1.245e-009    
0.08            1.9441e-008     -2.04e-009     
0.1             3.4828e-008     -1.019e-009    
0.12            6.3201e-008     4.054e-009     
0.14            1.15065e-007    -4.98e-009     
0.16            2.08216e-007    -2.237e-009    
0.18            3.77495e-007    -1.604e-009    
0.2             6.81639e-007    1.794e-009     
0.22            1.22598e-006    -6.53e-010     
0.24            2.18679e-006    -1.544e-009    
0.26            3.87293e-006    -1.197e-009    
0.28            6.79059e-006    4.79e-010      
0.3             1.17279e-005    8.3e-011       
0.32            1.99427e-005    3.67e-009      
0.34            3.32472e-005    1.177e-009     
0.36            5.43039e-005    2.12e-009      
0.38            8.66293e-005    -1.034e-009    
0.4             0.000134928     6.9e-011       
0.42            0.000204818     1.193e-009     
0.44            0.000303077     -6.22e-009     
0.46            0.000436729     -8.86e-010     
0.48            0.000613338     -1.515e-009    
0.5             0.000839707     -9.93e-010     
0.52            0.00112273      1.462e-009     
0.54            0.00146701      -1.623e-009    
0.56            0.00187733      1.01e-009      
0.58            0.00235415      2.302e-009     
0.6             0.0028987       -3.8e-011      
0.62            0.00351066      2.593e-009     
0.64            0.00418841      -1.067e-009    
0.66            0.00492823      3.0976e-009    
0.68            0.00572843      5.883e-009     
0.7             0.00658274      2.283e-009     
0.72            0.00748773      -3.358e-009    
0.74            0.00843757      -3.616e-009    
0.76            0.00943009      3.0755e-009    
0.78            0.0104615       -2.038e-009    
0.8             0.0115238       1.716e-009     
0.82            0.0126176       -4.97e-010     
0.84            0.0137378       -1.352e-009    
0.86            0.0148821       -6.06e-010     
0.88            0.0160454       6.124e-009     
0.9             0.0172253       8.95e-010      
0.92            0.0184215       -3.2872e-009   
0.94            0.0196293       2.885e-009     
0.96            0.0208467       -2.161e-009    
0.98            0.0220703       2.431e-009     
1               0.0233041       2.143e-009     
1.02            0.0245415       -5e-011        
1.04            0.0257893       -1.813e-009    
1.06            0.0270342       -7.11e-010     
1.08            0.0282799       2.397e-009     
1.1             0.0295257       2.144e-009     
1.12            0.0307741       6.5e-011       
1.14            0.032019        -8.61e-010     
1.16            0.033266        -6.09e-010     
1.18            0.0345057       2.728e-009     
1.2             0.0357455       5.1e-010       
