-0.2            2.18e-010       -5.95e-010     
-0.18           -6.854e-009     -6.8e-011      
-0.16           -1.6e-011       7.124e-009     
-0.14           3.07e-010       -1.542e-009    
-0.12           -7.4e-011       6.87e-010      
-0.1            2.34e-010       2.352e-009     
-0.08           -3.17e-010      -6.862e-009    
-0.06           -2.1e-011       -2.125e-009    
-0.04           -3.06e-010      4.409e-009     
-0.02           3.49e-010       2.708e-009     
0               2.25e-010       2.72e-009      
0.02            4.82e-010       -1.177e-009    
0.04            7.17e-010       9.92e-010      
0.06            5.3785e-009     2.262e-009     
0.08            4.08e-010       2.85e-009      
0.1             4.309e-009      2.653e-009     
0.12            8.659e-009      2.722e-009     
0.14            1.5442e-008     1.46e-010      
0.16            3.0001e-008     1.36e-010      
0.18            5.2976e-008     -6.63e-010     
0.2             9.8e-008        -7.62e-010     
0.22            1.84545e-007    2.508e-009     
0.24            3.41302e-007    2.11e-010      
0.26            6.25038e-007    -9.59e-010     
0.28            1.13133e-006    1.424e-009     
0.3             2.01572e-006    2.6e-011       
0.32            3.52165e-006    6.94e-010      
0.34            6.01014e-006    -6.76e-009     
0.36            9.97578e-006    2.419e-009     
0.38            1.60718e-005    2.31e-010      
0.4             2.50963e-005    -5.42e-010     
0.42            3.78521e-005    -7.4e-011      
0.44            5.51634e-005    2.228e-009     
0.46            7.77359e-005    -3.416e-009    
0.48            0.00010599      -6.167e-009    
0.5             0.000140126     3.207e-009     
0.52            0.000180144     -7.66e-010     
0.54            0.000225674     1.391e-009     
0.56            0.000276463     1.727e-009     
0.58            0.000331907     2.49e-010      
0.6             0.000391465     2.413e-009     
0.62            0.000454447     -1.443e-009    
0.64            0.000520488     2.504e-009     
0.66            0.000588695     8.6e-010       
0.68            0.000658682     2.376e-009     
0.7             0.000729982     -9.98e-010     
0.72            0.000802164     -9.7e-011      
0.74            0.000874732     -1.815e-009    
0.76            0.000947496     6.387e-009     
0.78            0.00101998      -3.92e-010     
0.8             0.00109197      2.691e-009     
0.82            0.00116315      -2.086e-009    
0.84            0.00123371      1.68e-010      
0.86            0.00130286      4.7e-010       
0.88            0.00137091      3.393e-009     
0.9             0.00143772      2.633e-009     
0.92            0.00150315      3.932e-009     
0.94            0.0015673       3.35e-009      
0.96            0.00162932      -4.1e-011      
0.98            0.00169014      3.023e-009     
1               0.00174924      3.555e-009     
1.02            0.00180648      1.288e-009     
1.04            0.00186239      1.877e-009     
1.06            0.00191651      2.211e-009     
1.08            0.00196928      2.557e-009     
1.1             0.0020201       1.924e-009     
1.12            0.00206923      4.325e-009     
1.14            0.00211687      5.78e-009      
1.16            0.00216256      -2.635e-009    
1.18            0.00220747      2.238e-009     
1.2             0.00225013      4.086e-009     
