-0.2            -8.76e-010      -1.074e-009    
-0.18           2.23e-010       -8.97e-010     
-0.16           3.28e-010       -1.124e-009    
-0.14           8.81e-010       -7.01e-010     
-0.12           5.29e-010       4.131e-009     
-0.1            1.51e-009       7.096e-009     
-0.08           -1.6671e-009    -1.355e-009    
-0.06           3.867e-009      1.505e-009     
-0.04           6.14e-009       9.77e-010      
-0.02           9.926e-009      -2.543e-009    
0               1.1739e-008     7.38e-010      
0.02            3.0963e-008     1.759e-009     
0.04            5.2493e-008     1.051e-009     
0.06            9.0375e-008     2.8e-009       
0.08            1.56645e-007    -7.43e-010     
0.1             2.70409e-007    2.288e-009     
0.12            4.69378e-007    -7.533e-009    
0.14            8.05371e-007    -1.513e-009    
0.16            1.38015e-006    8.6e-010       
0.18            2.36201e-006    5.2e-010       
0.2             4.00822e-006    1.126e-009     
0.22            6.74162e-006    3.077e-009     
0.24            1.12433e-005    -1.083e-009    
0.26            1.85066e-005    6.321e-009     
0.28            3.00821e-005    2.266e-009     
0.3             4.80737e-005    1.508e-009     
0.32            7.54885e-005    -1.117e-009    
0.34            0.000116        1.668e-009     
0.36            0.000174778     3.953e-009     
0.38            0.000257748     6.436e-009     
0.4             0.000371578     9.78e-010      
0.42            0.000523944     3.148e-009     
0.44            0.000722376     2.158e-009     
0.46            0.0009744       -5.86e-010     
0.48            0.00128677      2.481e-009     
0.5             0.00166505      -1.167e-009    
0.52            0.00211416      7.73e-010      
0.54            0.00263693      7.77e-010      
0.56            0.00323486      -6.875e-009    
0.58            0.00390711      -1.858e-009    
0.6             0.00465232      1.086e-009     
0.62            0.00546932      -5.36e-010     
0.64            0.00635397      1.49e-010      
0.66            0.00730281      2.847e-009     
0.68            0.00831092      1.44e-009      
0.7             0.00937267      -6.67e-010     
0.72            0.0104813       -4.85e-010     
0.74            0.0116378       5.76e-009      
0.76            0.012835        8.28e-010      
0.78            0.014066        3.669e-009     
0.8             0.0153295       -1.112e-009    
0.82            0.0166203       1.198e-009     
0.84            0.017935        -7.1e-011      
0.86            0.0192704       -2.128e-009    
0.88            0.0206201       5.945e-009     
0.9             0.0219895       2.141e-009     
0.92            0.0233683       -8.25e-010     
0.94            0.0247544       -6.47e-010     
0.96            0.0261511       1.131e-009     
0.98            0.0275506       1.477e-009     
1               0.0289568       -1.391e-009    
1.02            0.0303648       -8.01e-010     
1.04            0.0317797       2.221e-009     
1.06            0.0331902       1.556e-009     
1.08            0.0345982       2.371e-009     
1.1             0.0360076       -1.007e-009    
1.12            0.0374114       9.42e-010      
1.14            0.03881         -3.15e-010     
1.16            0.0402039       3.5014e-009    
1.18            0.0415978       -1.854e-009    
1.2             0.0429827       5.976e-009   
