-0.2            2.282e-009      -1.498e-009    
-0.18           4.66e-010       -6.78e-010     
-0.16           1.78e-010       5.267e-009     
-0.14           -6.237e-009     1.984e-009     
-0.12           6.2e-010        -2.138e-009    
-0.1            -6.968e-009     1.639e-009     
-0.08           -6.8e-011       -2.015e-009    
-0.06           -6.4e-011       6.601e-009     
-0.04           -7.009e-009     1.423e-009     
-0.02           1.38e-010       -2.008e-009    
0               1.75e-010       2.8657e-009    
0.02            7.07e-010       -2.477e-009    
0.04            6.89e-010       6.474e-009     
0.06            -2.7289e-009    -1.086e-009    
0.08            4.02e-010       2.89e-010      
0.1             3.683e-009      8.15e-010      
0.12            7.225e-009      -2.7582e-009   
0.14            1.3949e-008     3.382e-009     
0.16            2.5531e-008     2.334e-009     
0.18            4.7901e-008     -9e-010        
0.2             8.7916e-008     -3.95e-010     
0.22            1.65651e-007    2.454e-009     
0.24            3.07004e-007    -5.235e-009    
0.26            5.6442e-007     -2.318e-009    
0.28            1.02511e-006    -7.463e-009    
0.3             1.83424e-006    2.325e-009     
0.32            3.21259e-006    -8.59e-010     
0.34            5.48755e-006    4.38e-010      
0.36            9.10495e-006    2.455e-009     
0.38            1.46162e-005    -3e-012        
0.4             2.26466e-005    1.634e-009     
0.42            3.38507e-005    -9.3e-010      
0.44            4.87636e-005    -2.276e-009    
0.46            6.78387e-005    1.504e-009     
0.48            9.12913e-005    1.066e-009     
0.5             0.000119154     2.015e-009     
0.52            0.000151354     3.267e-009     
0.54            0.000187633     6.542e-009     
0.56            0.000227521     -1.051e-009    
0.58            0.000270609     1.462e-009     
0.6             0.000316593     -2.295e-009    
0.62            0.00036487      6.7e-011       
0.64            0.000415147     -6.673e-009    
0.66            0.000466863     -8.58e-010     
0.68            0.00051969      3.7473e-009    
0.7             0.000573432     2.592e-009     
0.72            0.000627649     -3.927e-009    
0.74            0.000682103     2.696e-009     
0.76            0.000736412     -1.34e-009     
0.78            0.000790887     -5.82e-010     
0.8             0.00084472      2.078e-009     
0.82            0.000898037     8.62e-010      
0.84            0.00095079      5.1426e-009    
0.86            0.00100299      -5.354e-009    
0.88            0.00105404      3.533e-009     
0.9             0.00110399      1.26e-010      
0.92            0.00115322      2.078e-009     
0.94            0.00120139      -4.67e-010     
0.96            0.00124841      5.02e-010      
0.98            0.0012941       4.367e-009     
1               0.00133906      3.593e-009     
1.02            0.00138247      5.289e-009     
1.04            0.00142459      5.07e-009      
1.06            0.00146573      2.016e-009     
1.08            0.00150549      2.93e-009      
1.1             0.00154409      5.877e-009     
1.12            0.00158146      9.462e-009     
1.14            0.0016174       3.574e-009     
1.16            0.00165258      6.777e-009     
1.18            0.00168635      6.74e-009      
1.2             0.00171912      8.516e-009     
