-0.2            1.195e-009      -9.1e-011      
-0.18           1.223e-009      5.65e-010      
-0.16           2.8e-011        3.001e-009     
-0.14           7.1e-011        2.079e-009     
-0.12           8.57e-010       2.18e-010      
-0.1            3.4e-011        2.8171e-009    
-0.08           2.16e-010       -2.393e-009    
-0.06           -2.217e-009     -3.37e-010     
-0.04           2.067e-009      -2.5e-010      
-0.02           -5.2e-011       -3.4184e-009   
0               -7.209e-009     7.81e-010      
0.02            -3.59e-010      -2.026e-009    
0.04            -5.361e-009     1.82e-009      
0.06            1.685e-009      2.72e-010      
0.08            2.63e-009       -5.246e-009    
0.1             5.168e-009      -1.25e-009     
0.12            8.999e-009      1.261e-009     
0.14            2.0386e-008     1.56e-010      
0.16            3.2259e-008     1.321e-009     
0.18            5.8979e-008     2.586e-009     
0.2             1.09744e-007    -7.22e-010     
0.22            2.03402e-007    3.8952e-009    
0.24            3.73871e-007    2.965e-009     
0.26            6.834e-007      -6.13e-010     
0.28            1.23437e-006    -1.156e-009    
0.3             2.20456e-006    3.5e-010       
0.32            3.86722e-006    -1.2e-009      
0.34            6.62904e-006    1.92e-009      
0.36            1.10755e-005    2.528e-009     
0.38            1.79771e-005    -6.698e-009    
0.4             2.82807e-005    -1.388e-009    
0.42            4.30369e-005    3.0775e-009    
0.44            6.34147e-005    -2.165e-009    
0.46            9.02548e-005    1.846e-009     
0.48            0.00012436      3.302e-009     
0.5             0.000166249     -2.394e-009    
0.52            0.00021582      6.679e-009     
0.54            0.000272996     -1.042e-009    
0.56            0.000337184     1.768e-009     
0.58            0.000407953     8.57e-010      
0.6             0.000484265     2.349e-009     
0.62            0.000565536     -6.445e-009    
0.64            0.000650559     -2.072e-009    
0.66            0.000738939     -1.485e-009    
0.68            0.000829822     6.823e-009     
0.7             0.000922521     1.529e-009     
0.72            0.0010162       -4.63e-010     
0.74            0.00111044      2.92e-010      
0.76            0.00120475      6.09e-010      
0.78            0.00129882      4.95e-010      
0.8             0.00139225      1.27e-010      
0.82            0.0014848       1.706e-009     
0.84            0.00157553      1.657e-009     
0.86            0.00166552      -1.5e-010      
0.88            0.00175299      1.05e-010      
0.9             0.00183863      8.05e-010      
0.92            0.00192312      3.071e-009     
0.94            0.00200521      -7.35e-010     
0.96            0.00208508      1.99e-010      
0.98            0.00216243      2.597e-009     
1               0.00223763      3.456e-009     
1.02            0.00231054      1.535e-009     
1.04            0.00238264      1.42e-009      
1.06            0.00245086      -1.16e-010     
1.08            0.0025183       6.113e-009     
1.1             0.00258245      4.502e-009     
1.12            0.00264492      -1.763e-009    
1.14            0.00270467      4.723e-009     
1.16            0.00276276      1.756e-009     
1.18            0.00281935      5.298e-009     
1.2             0.0028735       8.906e-009     
