-0.2            4.78e-010       1.073e-009     
-0.18           -9.6e-011       -1.166e-009    
-0.16           1.32e-010       -6.32e-010     
-0.14           1.939e-009      5.03e-010      
-0.12           -1.99e-010      -3.4313e-009   
-0.1            -1.25e-010      3.099e-009     
-0.08           3.408e-009      -2.82e-010     
-0.06           4.37e-010       1.268e-009     
-0.04           3.714e-009      2.707e-009     
-0.02           3.24e-010       3.83e-010      
0               8.4e-010        -2.237e-009    
0.02            -1.181e-009     -1.78e-010     
0.04            3.488e-009      -1.21e-010     
0.06            4.033e-009      1.31e-010      
0.08            6.818e-009      -6.77e-010     
0.1             1.1853e-008     -2.217e-009    
0.12            2.0071e-008     2.405e-009     
0.14            3.4772e-008     -1.182e-009    
0.16            6.1286e-008     -1.085e-009    
0.18            1.04357e-007    -7.79e-010     
0.2             1.82404e-007    3.196e-009     
0.22            3.13649e-007    -5.126e-009    
0.24            5.38215e-007    -1.275e-009    
0.26            9.17679e-007    3.2157e-009    
0.28            1.55587e-006    2.641e-009     
0.3             2.61703e-006    3.052e-009     
0.32            4.34359e-006    -7.28e-009     
0.34            7.12262e-006    2.135e-009     
0.36            1.14929e-005    3.4858e-009    
0.38            1.82436e-005    -1.216e-009    
0.4             2.8352e-005     3.52e-010      
0.42            4.31729e-005    -1.254e-009    
0.44            6.41234e-005    3.4e-011       
0.46            9.28011e-005    2.368e-009     
0.48            0.0001311       6.181e-009     
0.5             0.000180515     2.357e-009     
0.52            0.000242617     -6.957e-009    
0.54            0.000318372     -1.285e-009    
0.56            0.000408239     -8.61e-010     
0.58            0.000512395     2.221e-009     
0.6             0.000629955     1.348e-009     
0.62            0.000760531     -6.704e-009    
0.64            0.000902684     1.97e-009      
0.66            0.00105457      -1.463e-009    
0.68            0.00121457      2.309e-009     
0.7             0.00138156      2.6884e-009    
0.72            0.00155292      -2.363e-009    
0.74            0.00172724      1.838e-009     
0.76            0.00190304      -3.75e-010     
0.78            0.00207914      1.219e-009     
0.8             0.00225444      3.181e-009     
0.82            0.00242865      2.454e-009     
0.84            0.00259923      -4.06e-010     
0.86            0.00276713      6.059e-009     
0.88            0.00293096      1.163e-009     
0.9             0.00309104      3.312e-009     
0.92            0.0032461       2.542e-009     
0.94            0.00339651      -2.82e-010     
0.96            0.00354214      -5.37e-010     
0.98            0.00368321      2.99e-009      
1               0.00381958      6.15e-009      
1.02            0.00395112      -2.08e-010     
1.04            0.00407847      1.916e-009     
1.06            0.00419961      5.06e-010      
1.08            0.00431712      1.897e-009     
1.1             0.00443048      1.761e-009     
1.12            0.00453787      3.873e-009     
1.14            0.00464262      -5.502e-009    
1.16            0.00474326      3.52e-010      
1.18            0.0048398       4.1723e-009    
1.2             0.00493288      -9.94e-010     
